"A" "M_bin" "Ycen_int" "Y_cont_int" "Y_bin_int" "Y_count_int" "cen" "C" "delta"
"1" 0 0 0.0313452538304692 -2.66028370650334 0 2 0.0726226774046354 -0.446287455030639 0
"2" 0 1 0.0116740375059487 -1.96174577981373 0 5 0.0726226774046354 1.31585576177329 0
"3" 0 1 0.0113748556539131 -2.46547382638141 0 2 0.0726226774046354 0.657252486084335 0
"4" 0 0 0.0521133540744822 -3.12904584946616 0 3 0.0726226774046354 -0.931353099435726 0
"5" 0 1 0.00652091552287707 -3.2186986807861 0 2 0.0726226774046354 1.2428210042642 0
"6" 0 0 0.00938824272677433 -2.66350954282698 0 2 0.0726226774046354 0.637232051171049 0
"7" 1 1 0.0726226774046354 -2.93758475817591 0 5 0.0726226774046354 3.43272890031743 1
"8" 0 0 0.0380214864688698 -2.9690261044581 0 5 0.0726226774046354 1.59209119077248 0
"9" 0 0 0.0251458149516664 -3.7774455272607 0 0 0.0726226774046354 0.423799231772482 0
"10" 0 0 0.0508465879305041 -5.21048109326821 0 3 0.0726226774046354 1.40662824016858 0
"11" 1 1 0.00563018294675646 -2.40273557731282 1 3 0.0726226774046354 0.95474536550878 0
"12" 1 1 0.0112376803369899 -1.46811887975017 0 3 0.0726226774046354 1.4409000245021 0
"13" 0 0 0.0238003861403378 -2.66977182113074 0 5 0.0726226774046354 3.23537620196202 0
"14" 0 1 0.0556205414080659 -1.4316779032766 0 2 0.0726226774046354 0.413845156021868 0
"15" 1 1 0.00877231337682211 -3.10747880179824 0 2 0.0726226774046354 1.59936024931904 0
"16" 1 0 0.0472161190171486 -3.08854729882581 0 1 0.0726226774046354 2.27423314654812 0
"17" 0 1 0.0139491522869112 -3.3104787944896 0 2 0.0726226774046354 0.0882288457980679 0
"18" 0 1 0.0362771062261728 -1.78504375096846 0 0 0.0726226774046354 -0.375459056648902 0
"19" 0 1 0.0273162085524578 -2.10250683486961 0 1 0.0726226774046354 0.71227313661124 0
"20" 1 1 0.00990251048449442 -3.32806826102029 0 4 0.0726226774046354 1.08148341060439 0
"21" 0 1 0.0188207484744424 -3.30111147807518 0 2 0.0726226774046354 1.33789531393896 0
"22" 1 0 0.0102644209561858 -2.62121457277518 0 2 0.0726226774046354 1.56613753891865 0
"23" 0 1 0.0669468882469901 -1.87589115044819 0 0 0.0726226774046354 0.0657770656473022 0
"24" 1 0 0.0726226774046354 -2.31403418631333 0 0 0.0726226774046354 2.72676981387394 1
"25" 0 1 0.0288265729784695 -2.03308550430766 0 5 0.0726226774046354 2.58831492647447 0
"26" 0 1 0.0141049650966634 -2.0673221261588 0 2 0.0726226774046354 -0.0374466078584299 0
"27" 1 1 0.0726226774046354 -3.76847968088587 0 2 0.0726226774046354 1.36950741973645 1
"28" 1 1 0.00550871235452384 -3.05286719761651 0 4 0.0726226774046354 1.4386581200856 0
"29" 0 0 0.0709219608592516 -3.81859499999376 0 6 0.0726226774046354 0.122003957578962 0
"30" 0 1 0.0683044484974396 -3.53460456449133 0 2 0.0726226774046354 1.76091762834491 0
"31" 0 1 0.0726226774046354 -3.08732142913634 0 1 0.0726226774046354 1.06428198453721 1
"32" 1 1 0.0326056353490243 -3.91496485377471 0 3 0.0726226774046354 3.29847904217297 0
"33" 0 1 0.00944051611018795 -1.24228567951691 0 5 0.0726226774046354 -0.299977981067041 0
"34" 1 1 0.0131094006112248 -2.89211214526808 0 6 0.0726226774046354 -0.0796372313229423 0
"35" 1 1 0.0227562385296266 -2.95549498232385 0 0 0.0726226774046354 2.48832346555083 0
"36" 1 0 0.0114133005247219 -5.38824861353071 0 3 0.0726226774046354 0.769236367942921 0
"37" 0 0 0.0556028305367718 -3.47640790256048 0 6 0.0726226774046354 1.66507385069932 0
"38" 1 1 0.000110054688871896 -3.67049661889867 0 3 0.0726226774046354 -0.160317087247323 0
"39" 1 0 0.0521447941424609 -3.91370392651072 0 2 0.0726226774046354 2.08154085631275 0
"40" 0 0 0.0182332651658767 -3.46732828228754 0 3 0.0726226774046354 1.42421189585585 0
"41" 0 0 0.0269116598548649 -3.12940839587431 0 3 0.0726226774046354 1.77605632604214 0
"42" 1 0 0.0667868626580463 -1.87846725954256 0 1 0.0726226774046354 0.277211282052588 0
"43" 1 0 0.0726226774046354 -1.61038949834287 0 2 0.0726226774046354 1.50907541044418 1
"44" 1 1 0.0726226774046354 -2.68901371383237 0 4 0.0726226774046354 1.1546149746384 1
"45" 1 0 0.00667105096613384 -3.90028943908394 0 7 0.0726226774046354 1.30924723934512 0
"46" 0 1 0.0726226774046354 -1.8907476095876 0 3 0.0726226774046354 1.31651369303221 1
"47" 1 1 0.00464706388223824 -1.99774880617623 0 3 0.0726226774046354 1.70767989596264 0
"48" 1 1 0.0182929860742322 -2.05689471690646 0 2 0.0726226774046354 0.537564674215062 0
"49" 0 1 0.0017369805784767 -4.14469117430022 0 2 0.0726226774046354 2.69830274705661 0
"50" 0 1 0.0419397881629489 -2.88571134953954 0 4 0.0726226774046354 0.138014438627116 0
"51" 0 1 0.0272610835966826 -2.72435260643041 0 5 0.0726226774046354 -0.051829643650058 0
"52" 0 0 0.0726226774046354 -1.90056222475364 0 4 0.0726226774046354 1.5315186188611 1
"53" 0 1 0.0250300963419077 -2.13394718445469 0 2 0.0726226774046354 1.07728399345509 0
"54" 0 0 0.0726226774046354 -2.67649033725492 0 4 0.0726226774046354 -0.024841087793726 1
"55" 0 0 0.0193849687308135 -1.6463760229938 0 6 0.0726226774046354 1.14415928902883 0
"56" 0 0 0.00950536389252691 -3.52000428256002 0 1 0.0726226774046354 0.77910376983582 0
"57" 0 1 0.0109702372326512 -3.33277737059234 0 1 0.0726226774046354 0.0226685044773638 0
"58" 0 0 0.0311143626041683 -4.12466181084996 0 5 0.0726226774046354 1.33528023102327 0
"59" 0 1 0.0726226774046354 -3.0821998821326 0 3 0.0726226774046354 2.58736662168407 1
"60" 0 1 0.0726226774046354 -2.9990218402504 0 2 0.0726226774046354 2.26982587399556 1
"61" 0 0 0.0726226774046354 -1.70671743598803 0 2 0.0726226774046354 3.88733301028683 1
"62" 1 0 0.00645213233948555 -2.00003180866888 0 0 0.0726226774046354 1.68323891416978 0
"63" 1 0 0.00497321866431495 -2.30127352181296 0 0 0.0726226774046354 0.323023912485212 0
"64" 1 1 0.0482666499748536 -3.23138352234025 0 1 0.0726226774046354 0.836129566753771 0
"65" 0 1 0.0726226774046354 -2.1918176067325 0 0 0.0726226774046354 1.70961161253956 1
"66" 0 0 0.036933285255089 -2.87057544747969 0 4 0.0726226774046354 -0.0536691385134165 0
"67" 0 1 0.0110054246468386 -2.99373129296161 0 2 0.0726226774046354 0.0437714979720714 0
"68" 0 1 0.0578946159614796 -2.10553447186591 0 3 0.0726226774046354 0.0548126257842334 0
"69" 0 1 0.0260258857634401 -2.7369569562399 0 3 0.0726226774046354 1.22478844734534 0
"70" 1 1 0.0726226774046354 -4.20210641042272 0 0 0.0726226774046354 1.35945517437962 1
"71" 0 0 0.0068050845690228 -3.36041125087824 0 10 0.0726226774046354 0.336289575319682 0
"72" 0 1 0.0726226774046354 -3.88631072950782 0 2 0.0726226774046354 0.873491819639398 1
"73" 0 1 0.022703205413647 -3.60517519136492 0 0 0.0726226774046354 2.64237424330845 0
"74" 1 0 0.00853348943106874 -2.51339705281467 0 2 0.0726226774046354 0.492901518488119 0
"75" 1 1 0.0726226774046354 -3.91663131242518 0 2 0.0726226774046354 0.481512955661477 1
"76" 1 1 0.0726226774046354 -3.34758507953904 0 2 0.0726226774046354 2.34365300461022 1
"77" 1 0 0.0668561630512471 -2.64129103715185 0 1 0.0726226774046354 1.08748701597367 0
"78" 1 1 0.0726226774046354 -3.86337682138901 0 0 0.0726226774046354 1.53767273698554 1
"79" 1 1 0.00294441996595095 -1.08640810694697 0 0 0.0726226774046354 2.49218637618764 0
"80" 0 1 0.00478862861441424 -2.78648219671349 0 2 0.0726226774046354 1.87679268705494 0
"81" 0 1 0.0462722192938983 -3.24711166913357 0 4 0.0726226774046354 1.49588523790585 0
"82" 0 0 0.00263358225762792 -5.32370637293896 0 0 0.0726226774046354 0.752646080080984 0
"83" 1 1 0.029059006711182 -2.87055467575382 0 1 0.0726226774046354 0.271222391324561 0
"84" 1 0 0.0726226774046354 -1.76817876658474 0 3 0.0726226774046354 1.87419356303528 1
"85" 0 0 0.0726226774046354 -4.19128833135678 0 1 0.0726226774046354 0.239396960341776 1
"86" 0 1 0.00356493787578671 -3.61402673920997 1 5 0.0726226774046354 1.40291953906706 0
"87" 1 1 0.000295410107737107 -3.71309519498387 0 4 0.0726226774046354 0.468258019266691 0
"88" 0 0 0.0107752272589557 -2.817800228398 0 1 0.0726226774046354 1.00001193348443 0
"89" 0 0 0.00341491648880874 -1.48307200370157 0 5 0.0726226774046354 1.81817838149496 0
"90" 1 0 0.0726226774046354 -5.35717232848081 0 2 0.0726226774046354 1.26911921014517 1
"91" 1 1 0.0107178591766269 -3.29523295336885 0 2 0.0726226774046354 0.61199885821329 0
"92" 0 1 0.0570584193405233 -2.69212686647856 0 1 0.0726226774046354 0.675241490345427 0
"93" 0 0 0.0657575084412233 -2.10804184917617 0 4 0.0726226774046354 2.68000872905028 0
"94" 0 0 0.0369113627042356 -5.7572493076704 0 3 0.0726226774046354 -1.88073555840663 0
"95" 1 0 0.00543899000733383 -4.32114556521304 0 1 0.0726226774046354 1.62213811106563 0
"96" 0 0 0.0541293083887272 -5.05111106245842 0 5 0.0726226774046354 -1.20355233220161 0
"97" 0 1 0.0726226774046354 -2.41332149661178 0 1 0.0726226774046354 0.72730822966925 1
"98" 0 0 0.0606845998802589 -3.50294402658689 0 3 0.0726226774046354 0.0778804609507657 0
"99" 0 0 0.00318210646231341 -3.66878128000148 0 5 0.0726226774046354 0.693717330256457 0
"100" 1 1 0.0360912040577633 -4.42213549283934 0 2 0.0726226774046354 3.5365592399809 0
"101" 0 0 0.0477202815534257 -1.30839226975237 0 2 0.0726226774046354 2.93423813758807 0
"102" 0 0 0.0308501658426045 -3.34565651324277 0 3 0.0726226774046354 0.987416363849494 0
"103" 0 0 0.0726226774046354 -3.59628237524887 1 3 0.0726226774046354 -0.251885096515366 1
"104" 0 0 0.028688826901175 -3.86756797054303 0 4 0.0726226774046354 1.7747961628784 0
"105" 0 0 0.038908279406253 -3.39788604971844 0 3 0.0726226774046354 1.80388996324477 0
"106" 1 0 0.000122864400745028 -3.94834751039775 0 3 0.0726226774046354 -0.498762352458844 0
"107" 1 0 0.0726226774046354 -1.52560800736569 0 3 0.0726226774046354 1.58585549099404 1
"108" 1 1 0.013518336395536 -1.66242762028625 0 2 0.0726226774046354 0.15934353762024 0
"109" 0 0 0.0193395485694236 -3.82034236576164 0 4 0.0726226774046354 0.226015654187769 0
"110" 0 0 0.00260878905893504 -4.26731576981974 0 1 0.0726226774046354 -0.208550889299986 0
"111" 1 0 0.0199743516300811 -4.04084069478203 0 7 0.0726226774046354 1.01882438161088 0
"112" 1 1 0.0726226774046354 -3.15608011385565 0 2 0.0726226774046354 -0.367332205428756 1
"113" 0 0 0.0195607571994757 -5.78087672459196 0 5 0.0726226774046354 -0.990108921940399 0
"114" 0 0 0.00276208595171411 -2.39899471362606 0 7 0.0726226774046354 -1.15619513188658 0
"115" 1 0 0.0155849927684952 -3.12092285529121 0 5 0.0726226774046354 1.0671755801302 0
"116" 0 1 0.0405489762760977 -4.00634285184715 0 2 0.0726226774046354 1.86025354811202 0
"117" 1 0 0.0467909325101044 -3.32239266148548 0 4 0.0726226774046354 0.216711596133912 0
"118" 1 0 0.000845342953428426 -1.5022244460772 0 3 0.0726226774046354 0.443819529971849 0
"119" 0 0 0.0174945560710856 -3.41154701029861 0 1 0.0726226774046354 1.70695072140494 0
"120" 1 1 0.0178476816768356 -3.23630165472428 0 6 0.0726226774046354 1.19156791373341 0
"121" 0 1 0.0676042572884351 -1.48671036619689 0 1 0.0726226774046354 2.63967806039717 0
"122" 0 0 0.050736315962318 -3.42041381950799 0 2 0.0726226774046354 0.824463018708466 0
"123" 0 1 0.0726226774046354 -2.33763700472839 0 2 0.0726226774046354 0.637531901844281 1
"124" 0 1 0.0386055982609591 -2.45317472200471 0 0 0.0726226774046354 3.16158204330965 0
"125" 0 0 0.00313981879524422 -1.61275706941717 0 2 0.0726226774046354 0.869927146168225 0
"126" 0 0 0.0204823559418679 -2.14680723043548 0 3 0.0726226774046354 -0.312971091418823 0
"127" 1 1 0.0525613059572919 -1.67295614404389 0 3 0.0726226774046354 1.65975718670579 0
"128" 1 1 0.0726226774046354 -2.62888018275892 0 2 0.0726226774046354 1.09180321405245 1
"129" 0 1 0.0726226774046354 -4.0218558946085 0 8 0.0726226774046354 1.4480723027599 1
"130" 0 0 0.0455818199652944 -3.2413573295395 0 4 0.0726226774046354 1.54408358961439 0
"131" 0 1 0.0677858668077282 -2.6448676955366 0 5 0.0726226774046354 2.62077741312665 0
"132" 1 1 0.0726226774046354 -2.80193817951985 0 2 0.0726226774046354 2.32129102724655 1
"133" 1 0 0.0254879615116631 -2.74542930093143 0 3 0.0726226774046354 0.902158275910034 0
"134" 0 0 0.00983457591621531 -4.90104600498607 0 4 0.0726226774046354 1.38423353876926 0
"135" 0 1 0.0726226774046354 -1.69828612170743 0 2 0.0726226774046354 1.77504187525403 1
"136" 0 0 0.0281876968633291 -0.463382014240528 0 2 0.0726226774046354 1.40644812926924 0
"137" 0 1 0.0624786640671907 -2.89789189657562 0 3 0.0726226774046354 0.973216866115521 0
"138" 0 0 0.023597192612436 -2.51856613160709 0 4 0.0726226774046354 2.34105965354093 0
"139" 0 1 0.0639905253070307 -3.56552146937023 0 2 0.0726226774046354 1.74490926583549 0
"140" 1 1 0.00795990063552457 -3.33037476107833 0 1 0.0726226774046354 0.553331114290079 0
"141" 1 1 0.0726226774046354 -3.29262771629575 0 1 0.0726226774046354 0.263169653812784 1
"142" 0 0 0.0676411763974719 -3.57486576326622 0 0 0.0726226774046354 0.149426590646566 0
"143" 0 0 0.0214468781255484 -1.96520493598567 0 0 0.0726226774046354 -0.340074108196151 0
"144" 1 0 0.0354602455372985 -2.5870703670847 0 3 0.0726226774046354 1.65827785258889 0
"145" 0 0 0.0640448927595748 -2.76271245324009 0 3 0.0726226774046354 0.643645063627914 0
"146" 1 1 0.0726226774046354 -4.69995456660959 0 2 0.0726226774046354 1.04944173637386 1
"147" 1 1 0.0413286970918913 -2.84824052659364 1 7 0.0726226774046354 -0.0853411417150445 0
"148" 0 1 0.00593715582051814 -2.86374963311274 0 1 0.0726226774046354 1.03665284975471 0
"149" 0 0 0.0726226774046354 -4.08138649897041 0 2 0.0726226774046354 -1.62360197868805 1
"150" 0 1 0.0108698134609332 -2.13195295479004 0 3 0.0726226774046354 -1.14731284787526 0
"151" 0 1 0.0296515734387712 -2.68256177077745 0 3 0.0726226774046354 2.09248362628828 0
"152" 1 0 0.0726226774046354 -3.86073078590165 1 1 0.0726226774046354 -0.684342326005423 1
"153" 0 0 0.0726226774046354 -1.44719214251781 0 4 0.0726226774046354 0.49355458231845 1
"154" 0 0 0.0252353683573389 -6.27702661957768 0 4 0.0726226774046354 -0.290001554768802 0
"155" 1 1 0.0136054611417883 -2.19459514235976 0 4 0.0726226774046354 0.339638302991746 0
"156" 1 1 0.000802695313404591 -2.95858769776892 0 3 0.0726226774046354 1.11115643968093 0
"157" 1 1 0.0726226774046354 -1.40115103128372 0 3 0.0726226774046354 2.68818175565717 1
"158" 1 1 0.0726226774046354 -1.05598402528705 0 2 0.0726226774046354 2.44194949317356 1
"159" 0 0 0.0726226774046354 -3.22074267743473 0 6 0.0726226774046354 1.20781568651841 1
"160" 1 1 0.031095387637643 -3.00453393197999 0 3 0.0726226774046354 0.464630632032737 0
"161" 1 1 0.0726226774046354 -1.69918400670427 0 4 0.0726226774046354 1.25220396628038 1
"162" 0 0 0.0432790191099631 -1.01077269167767 0 6 0.0726226774046354 0.0315036942675353 0
"163" 0 1 0.0726226774046354 -3.35427788491863 0 2 0.0726226774046354 1.05195200212973 1
"164" 0 0 0.0726226774046354 -2.55120893278136 0 4 0.0726226774046354 2.27258297611879 1
"165" 0 0 0.0726226774046354 -3.87507894704038 0 4 0.0726226774046354 0.53244108863217 1
"166" 0 0 0.0110317307353631 -2.23207106002236 0 4 0.0726226774046354 0.464074637533596 0
"167" 0 1 0.0298169047859682 -2.06750183089943 0 2 0.0726226774046354 1.83152185743598 0
"168" 1 1 0.040048113538613 -3.86045214615352 0 7 0.0726226774046354 1.35501918333876 0
"169" 1 1 0.0433708012935236 -2.563881894383 0 3 0.0726226774046354 1.45203896668906 0
"170" 1 0 0.0726226774046354 -3.06656738934945 0 2 0.0726226774046354 1.87951337762274 1
"171" 0 1 0.0298551315059118 -2.01892935756286 0 2 0.0726226774046354 0.891598793188946 0
"172" 0 0 0.00538577256540307 -0.82648290658904 0 2 0.0726226774046354 -1.43812101154228 0
"173" 0 1 0.0301217415693078 -4.31598246934395 0 2 0.0726226774046354 1.73551489809107 0
"174" 1 0 0.0726226774046354 -5.101350146412 0 1 0.0726226774046354 -0.468443019480772 1
"175" 1 1 0.0315320286370583 -2.16371897804421 0 2 0.0726226774046354 1.37719494310449 0
"176" 0 1 0.0332280974569386 -2.0962528878408 0 4 0.0726226774046354 1.66456538417196 0
"177" 1 1 0.0328389104675559 -2.14920171115329 1 1 0.0726226774046354 0.944935502426351 0
"178" 1 1 0.0213703897525684 -4.2115147234844 0 3 0.0726226774046354 1.16962061559179 0
"179" 0 1 0.0462049356815632 -1.56866548762239 0 4 0.0726226774046354 2.19910884290301 0
"180" 1 1 0.0726226774046354 -2.68535493635517 0 3 0.0726226774046354 1.82960764538587 1
"181" 0 1 0.00542353719201781 -1.73718551621009 0 2 0.0726226774046354 2.29993164222625 0
"182" 1 0 0.0147739419616094 -3.3454578739691 0 4 0.0726226774046354 -0.280878580780751 0
"183" 1 0 0.0157115283349141 -1.43308604722156 1 2 0.0726226774046354 0.0644005564654495 0
"184" 1 1 0.0342028328510488 -2.06158875871135 0 4 0.0726226774046354 1.36737766457065 0
"185" 0 0 0.0105784950073999 -3.0522108667735 0 0 0.0726226774046354 0.989692368938871 0
"186" 0 1 0.0726226774046354 -2.82725800590493 0 5 0.0726226774046354 0.409786003739024 1
"187" 0 1 0.0726226774046354 -3.09314101344605 0 7 0.0726226774046354 1.92521813917168 1
"188" 0 0 0.00261686469821216 -5.21165520403222 0 4 0.0726226774046354 0.906005686619258 0
"189" 0 0 0.0352980774827759 -2.36792972982292 0 3 0.0726226774046354 1.97894834754809 0
"190" 1 0 0.00446167771235906 -3.17122741248335 0 3 0.0726226774046354 0.101322482734669 0
"191" 1 1 0.00455005307479705 -2.74163585872527 0 4 0.0726226774046354 1.23730642261368 0
"192" 0 0 0.0522628084518351 -3.05380993221856 0 1 0.0726226774046354 0.292101907358998 0
"193" 0 1 0.00356444557006114 -3.3272110678499 0 3 0.0726226774046354 -0.30499744077998 0
"194" 1 1 0.0726226774046354 -3.87598734357032 0 2 0.0726226774046354 1.82737670462134 1
"195" 1 0 0.0325059834292538 -2.76846305654199 1 6 0.0726226774046354 1.58214390987106 0
"196" 0 1 0.0726226774046354 -2.82962894886978 0 3 0.0726226774046354 -0.357305858200426 1
"197" 0 1 0.0726226774046354 -3.09618894861246 0 4 0.0726226774046354 1.31886754723121 1
"198" 0 0 0.039928998714045 -2.42212427237984 0 2 0.0726226774046354 0.737257907836111 0
"199" 0 0 0.0205900878614486 -5.84562787225504 0 3 0.0726226774046354 -0.184009370008407 0
"200" 1 1 0.0175292454693179 -2.21382021334604 0 5 0.0726226774046354 1.18725270319228 0
"201" 0 0 0.0426537093765165 -4.15924478397972 0 3 0.0726226774046354 1.50714218123247 0
"202" 1 0 0.0726226774046354 -2.68600474406981 0 4 0.0726226774046354 1.05567986853354 1
"203" 1 1 0.0726226774046354 -2.23305952912313 0 3 0.0726226774046354 2.37968516606831 1
"204" 1 1 0.0726226774046354 -1.74023481762768 0 3 0.0726226774046354 1.89061546646119 1
"205" 0 0 0.0159605642315601 -3.61873558353082 0 2 0.0726226774046354 -0.477299932168281 0
"206" 1 1 0.0276658421248257 -2.91602345113988 0 3 0.0726226774046354 3.00907700785086 0
"207" 1 1 0.0726226774046354 -2.07436625815028 0 0 0.0726226774046354 1.90517439127773 1
"208" 1 1 0.0208895771100222 -4.91179838609643 0 0 0.0726226774046354 1.62971657988873 0
"209" 0 1 0.0726226774046354 -2.87750455272874 0 2 0.0726226774046354 2.28058689176964 1
"210" 0 0 0.0222342845777318 -3.87245847884001 0 0 0.0726226774046354 -0.39641750957002 0
"211" 0 0 0.0726226774046354 -5.06133190609434 0 3 0.0726226774046354 1.07787831598942 1
"212" 1 1 0.00600283350805869 -3.92648929221312 0 4 0.0726226774046354 -0.727442891029016 0
"213" 0 1 0.0397068523927282 -2.31610021577584 0 5 0.0726226774046354 1.77140498390348 0
"214" 0 1 0.0352557350298619 -2.15717717459145 0 2 0.0726226774046354 1.156374667683 0
"215" 0 1 0.0278150711432667 -4.17493621263981 0 4 0.0726226774046354 0.487621136481614 0
"216" 1 0 0.0364981153731241 -3.59855056008865 0 3 0.0726226774046354 1.25985225694846 0
"217" 1 0 0.0496001429673036 -2.89055391139959 0 3 0.0726226774046354 2.2016580026661 0
"218" 1 1 0.0726226774046354 -2.58341795150851 0 2 0.0726226774046354 1.43537104418225 1
"219" 0 0 0.0132364581602607 -1.9201815473359 0 1 0.0726226774046354 1.32379546496462 0
"220" 0 1 0.0726226774046354 -2.71414561568365 0 1 0.0726226774046354 2.1124682540694 1
"221" 0 1 0.0211468382395859 -3.25557991775786 0 3 0.0726226774046354 3.38753602117916 0
"222" 0 0 0.030349248212919 -2.80785398870786 0 5 0.0726226774046354 1.7382869833849 0
"223" 1 0 0.015036394908608 -3.19402682826223 0 4 0.0726226774046354 0.0991357028059831 0
"224" 1 0 0.0726226774046354 -1.04613100010304 0 5 0.0726226774046354 1.75794078720755 1
"225" 0 1 0.0662064546391865 -4.44101629360757 0 3 0.0726226774046354 2.30725727134318 0
"226" 1 1 0.0493487076842729 -1.40065203274732 0 2 0.0726226774046354 1.44686349111302 0
"227" 0 0 0.0615953041818796 -1.42238825194246 0 3 0.0726226774046354 0.148770553012495 0
"228" 0 0 0.0726226774046354 -5.6809925831643 0 2 0.0726226774046354 -0.04794725953093 1
"229" 0 1 0.0135047736687779 -1.85796902112696 0 4 0.0726226774046354 1.00399375667994 0
"230" 0 0 0.0182915722401043 -2.66311667527265 0 3 0.0726226774046354 -0.419584216094098 0
"231" 0 0 0.00249506905866857 -2.13346055886425 0 2 0.0726226774046354 1.49549206185612 0
"232" 0 0 0.00349219419535639 -3.81789624842617 0 6 0.0726226774046354 1.9642948452808 0
"233" 1 1 0.0726226774046354 -1.9778343239977 0 0 0.0726226774046354 1.5147351254057 1
"234" 1 0 0.0406332664847092 -3.14918580656251 0 3 0.0726226774046354 -0.110709969750667 0
"235" 0 1 0.0683439391942726 -4.08241079453576 0 2 0.0726226774046354 0.707532664000804 0
"236" 0 1 0.0699726744724402 -1.84880754657985 0 1 0.0726226774046354 2.92401988146109 0
"237" 0 0 0.00719843675511038 -3.6254444329606 0 5 0.0726226774046354 -1.36071369886527 0
"238" 1 1 0.060270001592868 -2.89133442928918 0 1 0.0726226774046354 0.574560259657369 0
"239" 1 1 0.0154105042894334 -4.27502916134227 0 1 0.0726226774046354 0.800187136664395 0
"240" 1 0 0.0140452174397393 -2.55223696337602 0 2 0.0726226774046354 2.08127715780212 0
"241" 0 0 0.0726226774046354 -2.43734691477294 0 2 0.0726226774046354 0.419149753274829 1
"242" 1 1 0.0500253049192141 -2.18974525477606 0 2 0.0726226774046354 0.788260760967181 0
"243" 1 1 0.00259730952717724 -3.59827349219812 0 3 0.0726226774046354 0.587642290263106 0
"244" 1 0 0.0216452330910283 -1.09283200267753 0 2 0.0726226774046354 1.39546279739038 0
"245" 0 0 0.0086557177845539 -3.9660988653608 0 3 0.0726226774046354 -0.337176668866409 0
"246" 1 0 0.0726226774046354 -2.36347264736696 0 2 0.0726226774046354 3.31131788765912 1
"247" 1 0 0.0456585314528115 -4.6208038066801 0 5 0.0726226774046354 0.649508971486585 0
"248" 0 1 0.0577081525439815 -6.31350943820487 0 2 0.0726226774046354 0.678896676194559 0
"249" 0 1 0.0726226774046354 -4.95822244278585 0 3 0.0726226774046354 0.571038407663931 1
"250" 0 0 0.011523174800403 -2.31377240781044 0 4 0.0726226774046354 0.770388739976069 0
"251" 0 1 0.0726226774046354 -5.13345694524175 0 3 0.0726226774046354 0.944081984341095 1
"252" 1 0 0.0685757504817022 -3.82664883839106 0 0 0.0726226774046354 0.627954559118881 0
"253" 0 0 0.0340132121723467 -3.65643989554192 0 1 0.0726226774046354 1.47429996960377 0
"254" 0 1 0.00220845179331363 -2.35490295870615 0 3 0.0726226774046354 0.938295367448319 0
"255" 1 0 0.0251646465462117 -4.43789482960197 0 4 0.0726226774046354 -1.1276890675566 0
"256" 1 1 0.0726226774046354 -2.07201993250754 0 3 0.0726226774046354 -0.0022370580776534 1
"257" 0 0 0.0726226774046354 -3.87031499571907 0 1 0.0726226774046354 0.482195483561851 1
"258" 0 1 0.0478217699484467 -3.73296617560337 0 5 0.0726226774046354 3.21020974720753 0
"259" 1 0 0.0516458014002241 -3.73048063937356 0 1 0.0726226774046354 1.32498443654835 0
"260" 1 1 0.00718128058430584 -0.671093676205206 0 5 0.0726226774046354 -0.276808861464502 0
"261" 0 1 0.000345978338989557 -1.58339539649247 0 2 0.0726226774046354 3.07862633226923 0
"262" 1 0 0.0169618355572872 -4.71172817482932 0 2 0.0726226774046354 1.55091884622343 0
"263" 0 0 0.0244861157913162 -3.42219912546847 0 3 0.0726226774046354 3.01048046843714 0
"264" 1 0 0.0277023041636369 -3.16436211872409 0 4 0.0726226774046354 0.712424098477068 0
"265" 1 0 0.0726226774046354 -2.36824294460902 0 10 0.0726226774046354 1.48150576479089 1
"266" 1 0 0.0331888224552846 -2.46735824173882 0 3 0.0726226774046354 -0.378522511344509 0
"267" 0 0 0.0521541950406793 -4.37207869793155 0 2 0.0726226774046354 1.92291053749804 0
"268" 0 0 0.0302295646200642 -2.08816432840094 0 3 0.0726226774046354 0.18030918158299 0
"269" 1 1 0.0300691060715883 -2.3231500141769 0 5 0.0726226774046354 0.350560134671356 0
"270" 1 1 0.0726226774046354 -2.82166827409261 0 1 0.0726226774046354 2.48910437536459 1
"271" 1 0 0.0387741249263011 -1.73516476336049 0 0 0.0726226774046354 0.0587851559432484 0
"272" 1 0 0.043672112125738 -2.52156842777573 0 6 0.0726226774046354 -0.174004945402223 0
"273" 0 0 0.0726226774046354 -2.40042933198039 0 1 0.0726226774046354 1.79311193192375 1
"274" 0 0 0.0205875406223558 -4.18922240161145 0 1 0.0726226774046354 0.20391651768378 0
"275" 1 1 0.00268698640702374 -2.73653048061111 0 1 0.0726226774046354 1.98944781384063 0
"276" 1 0 0.0726226774046354 -1.29316689905806 0 4 0.0726226774046354 3.10720293663235 1
"277" 0 0 0.069873828058521 -4.37813078545711 0 1 0.0726226774046354 2.82730701095087 0
"278" 0 1 0.0126806131083263 -1.39930881126791 0 3 0.0726226774046354 1.39277789676474 0
"279" 1 1 0.0517688548691515 -0.989546070599632 0 3 0.0726226774046354 0.904344478765662 0
"280" 0 1 0.0116380296214031 -2.08988427103661 0 2 0.0726226774046354 1.74032816059999 0
"281" 0 1 0.0162168634776447 -4.30566816563149 0 0 0.0726226774046354 2.13531064025272 0
"282" 0 1 0.0726226774046354 -2.11219017282717 1 3 0.0726226774046354 1.79343351480763 1
"283" 0 0 0.00329468294431095 -3.45494372416191 0 3 0.0726226774046354 1.75687731031835 0
"284" 0 0 0.00713928107106732 -3.21998875152381 0 2 0.0726226774046354 0.686825176255998 0
"285" 0 1 0.0264187417148731 -0.793805152277157 1 1 0.0726226774046354 -1.49278859509861 0
"286" 1 0 0.0697002631903042 -2.48014003336033 0 1 0.0726226774046354 0.92494740345287 0
"287" 1 1 0.0726226774046354 -3.3881945118926 0 1 0.0726226774046354 0.07268304598311 1
"288" 1 1 0.00339487648744586 -3.61600586079947 0 3 0.0726226774046354 2.23482119102825 0
"289" 0 0 0.0217437578707658 -2.58328139922365 0 4 0.0726226774046354 1.18331357642188 0
"290" 0 1 0.00239893699164451 -1.39418074257403 0 2 0.0726226774046354 1.83836598805971 0
"291" 0 1 0.0726226774046354 -1.729780419791 0 3 0.0726226774046354 1.67062856420808 1
"292" 1 0 0.0166920251504222 -2.05778527735509 0 6 0.0726226774046354 -0.364060462964412 0
"293" 0 1 0.0575547563249156 -1.70991017041598 0 5 0.0726226774046354 1.66527341112018 0
"294" 1 1 0.0025936582854032 -2.00822857217364 0 1 0.0726226774046354 1.72622262963152 0
"295" 0 0 0.0726226774046354 -2.98654044391324 0 1 0.0726226774046354 1.29374249209711 1
"296" 0 0 0.0019843866679813 -3.00912732023664 0 1 0.0726226774046354 0.0652210681521336 0
"297" 1 1 0.0397221696615053 -2.635500769631 0 3 0.0726226774046354 2.2484769605738 0
"298" 1 1 0.0161478157705593 -3.04614096517374 0 1 0.0726226774046354 -0.689706357441836 0
"299" 0 1 0.0144172524454319 -1.79512366497072 0 4 0.0726226774046354 2.48237729124752 0
"300" 0 0 0.0166255331732289 -2.15703313307647 0 2 0.0726226774046354 2.0912432707122 0
"301" 1 0 0.0213468596535976 -5.03189664767634 0 0 0.0726226774046354 0.684481950998324 0
"302" 1 0 1.99330646426336e-05 -1.7617750237134 0 1 0.0726226774046354 2.87071838905989 0
"303" 1 1 0.0434563176730454 -2.26351007355479 0 3 0.0726226774046354 1.27678785918821 0
"304" 1 1 0.0258017976394998 -4.46335413875019 0 3 0.0726226774046354 0.367696555582872 0
"305" 0 0 0.0726226774046354 -5.29788698041172 0 2 0.0726226774046354 1.91838753516473 1
"306" 1 0 0.0145846106520738 -2.26760542045982 0 1 0.0726226774046354 1.21063428243218 0
"307" 0 1 0.0209601717219928 -5.54415099862282 0 1 0.0726226774046354 -0.914291401142478 0
"308" 1 0 0.0460987948704037 -3.51646376705568 0 4 0.0726226774046354 0.707820047611173 0
"309" 0 0 0.00875141842153746 -2.02112861657211 0 2 0.0726226774046354 -0.63636865770915 0
"310" 1 1 0.00805842408198626 -3.78724797586906 0 3 0.0726226774046354 0.388804637111358 0
"311" 0 0 0.0265805826627255 -3.35993769820218 0 5 0.0726226774046354 0.546547150266844 0
"312" 1 1 0.0165387913566957 -1.49896348134204 0 3 0.0726226774046354 2.35751658980536 0
"313" 0 0 0.0474366240976838 -2.64735588514852 0 7 0.0726226774046354 -0.473080813967577 0
"314" 0 0 0.0228478819733299 -4.41913215447824 0 4 0.0726226774046354 1.10291768871515 0
"315" 0 1 0.0726226774046354 -4.10065919120841 0 3 0.0726226774046354 1.19819367100896 1
"316" 1 1 0.0726226774046354 -2.58722921969513 1 5 0.0726226774046354 0.560397462381946 1
"317" 1 0 0.0726226774046354 -3.19304970981904 0 2 0.0726226774046354 0.255757366419082 1
"318" 1 0 0.0726226774046354 -3.5392657030465 0 3 0.0726226774046354 1.74190764374384 1
"319" 0 0 0.0620012572649289 -2.00213670874636 0 5 0.0726226774046354 1.47523696387143 0
"320" 1 1 0.0726226774046354 -4.03902714919523 0 2 0.0726226774046354 1.24325624625191 1
"321" 0 1 0.0181535867970976 -3.20405796584554 0 1 0.0726226774046354 1.26475620148305 0
"322" 0 0 0.0145526279423689 -1.03903984885864 0 5 0.0726226774046354 2.64334853337131 0
"323" 0 1 0.0725459066039547 -4.02080442431298 0 6 0.0726226774046354 1.98701157600548 0
"324" 1 0 0.0328022004846961 -4.23190549680603 0 3 0.0726226774046354 0.653094413633427 0
"325" 0 1 0.0264790539734478 -3.93052786438907 0 0 0.0726226774046354 0.852034051314472 0
"326" 1 1 0.0118428724481827 -1.59937218025846 0 4 0.0726226774046354 0.725789246703853 0
"327" 1 1 0.0726226774046354 -2.26659682915666 0 0 0.0726226774046354 2.23240127953478 1
"328" 0 1 0.0687518197464349 -3.65036132845691 0 2 0.0726226774046354 0.592506541844108 0
"329" 0 1 0.014655515370624 -2.42435917675825 0 5 0.0726226774046354 -0.0916352011477932 0
"330" 1 1 0.00944043894508011 -4.64130583164764 0 2 0.0726226774046354 1.5857255896106 0
"331" 0 0 0.0258158680522479 -4.12857065714409 0 5 0.0726226774046354 1.97111724765181 0
"332" 0 0 0.0280303657925589 -4.4182980668318 0 4 0.0726226774046354 1.68372320903433 0
"333" 0 1 0.0659334196782759 -4.85789212676354 0 1 0.0726226774046354 2.04553733079749 0
"334" 0 1 0.0484326953526639 -2.40381102715705 0 1 0.0726226774046354 1.16433896308014 0
"335" 0 0 0.0643785308705112 -4.40254381495505 0 4 0.0726226774046354 -0.737320580619973 0
"336" 0 1 0.0159456825410617 -2.14501472298137 0 1 0.0726226774046354 1.35953273643189 0
"337" 0 1 0.0726226774046354 -3.18333392644952 0 5 0.0726226774046354 2.10408108961471 1
"338" 0 0 0.00814214716219497 -3.17388867489381 0 1 0.0726226774046354 1.71508385481362 0
"339" 1 1 0.0726226774046354 -3.20300931525183 0 3 0.0726226774046354 0.317105622330026 1
"340" 1 1 0.0726226774046354 -3.97402423453447 0 0 0.0726226774046354 1.79207584104188 1
"341" 1 0 0.0210756961816034 -1.17477493491153 0 1 0.0726226774046354 2.32257298873392 0
"342" 0 0 0.0576840213661086 -1.47491058666129 0 5 0.0726226774046354 3.00552203123622 0
"343" 0 1 0.0726226774046354 -2.97687296414181 0 1 0.0726226774046354 2.28551164464687 1
"344" 0 1 0.0237556805156269 -0.759418191737829 0 2 0.0726226774046354 1.11705742495129 0
"345" 0 0 0.0183956960600504 -3.25270930560515 0 3 0.0726226774046354 1.93496583119178 0
"346" 0 1 0.0650816050829988 -3.05815567969028 0 3 0.0726226774046354 2.33301584467702 0
"347" 1 1 0.0726226774046354 -1.20429302165664 0 2 0.0726226774046354 1.98153414220493 1
"348" 1 1 0.0153448950914406 -3.70776940963827 0 1 0.0726226774046354 1.65615116358211 0
"349" 0 1 0.060047299692873 -2.40437365310237 0 5 0.0726226774046354 2.00695897297731 0
"350" 1 0 0.00872928232427514 -2.80024198425606 0 1 0.0726226774046354 -0.610829737144049 0
"351" 0 0 0.00143179931098481 -2.76986131257329 0 5 0.0726226774046354 0.744106689269024 0
"352" 0 1 0.0184556725624736 -2.37700595065274 0 1 0.0726226774046354 2.90817532604796 0
"353" 1 0 0.0548612095423785 -2.01421592243696 0 4 0.0726226774046354 1.70154994958827 0
"354" 0 1 0.0633610170596599 -4.65286426392797 0 5 0.0726226774046354 0.314304763099696 0
"355" 0 1 0.00871700373943664 -2.07714703733903 0 4 0.0726226774046354 0.662372412826945 0
"356" 0 0 0.000124799108847895 -3.05473298843203 0 2 0.0726226774046354 -0.0213916299765169 0
"357" 1 0 0.0591451535934176 -3.61539726296928 0 5 0.0726226774046354 2.65062874384231 0
"358" 0 0 0.0147745487886961 -4.1616375705135 0 4 0.0726226774046354 -0.751896850451178 0
"359" 1 1 0.0696332654910294 -2.44919244818822 0 2 0.0726226774046354 2.8034927560555 0
"360" 0 1 0.0726226774046354 -5.45905293486907 0 2 0.0726226774046354 -0.397658765058739 1
"361" 0 0 0.0200891821415061 -3.46284662917366 0 1 0.0726226774046354 2.52467924796176 0
"362" 0 1 0.0179160164434556 -0.0439822144627171 0 1 0.0726226774046354 3.24495764844355 0
"363" 1 0 0.0208694422252393 -3.12714889844049 0 3 0.0726226774046354 1.4497268031019 0
"364" 0 1 0.0249441445376918 -4.14539898881826 1 1 0.0726226774046354 1.14811403044176 0
"365" 0 1 0.0726226774046354 -5.53497172135178 0 5 0.0726226774046354 0.692523696381697 1
"366" 1 1 0.0443919609628726 -2.9778143607204 0 4 0.0726226774046354 2.37581351748527 0
"367" 0 1 0.0145531178931275 -1.95995767262509 0 6 0.0726226774046354 2.55228217047824 0
"368" 0 1 0.0726226774046354 -2.06039913459125 0 3 0.0726226774046354 0.958319481036965 1
"369" 1 0 0.0726226774046354 -0.598497039256306 0 7 0.0726226774046354 0.0010365807099233 1
"370" 1 1 0.0726226774046354 -3.21761929924409 0 1 0.0726226774046354 2.17391919096048 1
"371" 1 0 0.0726226774046354 -1.78694149885944 0 5 0.0726226774046354 1.12937942228726 1
"372" 0 0 0.0726226774046354 -2.86173552619682 0 2 0.0726226774046354 0.919500461823283 1
"373" 0 1 0.0726226774046354 -4.46520172515345 0 1 0.0726226774046354 1.24499355582778 1
"374" 0 0 0.00758463266732635 -1.98727773560042 0 0 0.0726226774046354 0.532724352524591 0
"375" 0 1 0.00168294365134268 -4.02861186498199 0 2 0.0726226774046354 1.04977373620624 0
"376" 0 0 0.0322711585635043 -3.26350258564996 0 2 0.0726226774046354 4.09224985278403 0
"377" 0 1 0.0242546317001375 -2.95716766780146 0 3 0.0726226774046354 2.00178522577454 0
"378" 0 0 0.00708097567309297 -3.20750111619094 0 0 0.0726226774046354 0.534260520386922 0
"379" 0 0 0.0232564621679034 -3.19466756171697 0 2 0.0726226774046354 1.50074806715032 0
"380" 1 0 0.00168041575102835 -1.5968708403184 0 0 0.0726226774046354 -0.133949704838996 0
"381" 0 0 0.00280779913886051 -4.14495790226239 0 3 0.0726226774046354 -0.297198244681585 0
"382" 0 1 0.026820537948537 -3.66310726138661 0 2 0.0726226774046354 0.108538588005835 0
"383" 0 0 0.0155776773175933 -4.03277936985942 0 1 0.0726226774046354 0.342432271820198 0
"384" 0 0 0.0634093185461088 -3.73350960675413 0 2 0.0726226774046354 0.731557421156596 0
"385" 1 1 0.0218664563284645 -3.10698500427602 0 4 0.0726226774046354 -0.829474920113202 0
"386" 0 0 0.00853306385090666 -3.78199552449005 0 8 0.0726226774046354 1.22838024280066 0
"387" 0 0 0.0242982399964005 -4.21403327360172 0 2 0.0726226774046354 1.69952972415047 0
"388" 0 1 0.0726226774046354 -2.60887521197037 0 0 0.0726226774046354 2.28668631096084 1
"389" 1 1 0.0726226774046354 -2.22737462706505 0 3 0.0726226774046354 -0.357606101154114 1
"390" 1 1 0.0270623226756255 -3.93543703908611 0 3 0.0726226774046354 1.06648138376513 0
"391" 0 1 0.0726226774046354 -4.90561145497552 0 4 0.0726226774046354 1.5621559944907 1
"392" 0 1 0.0283823626849021 -3.22132160623417 0 4 0.0726226774046354 1.18039907289981 0
"393" 1 1 0.015815099085323 -2.77868129425368 0 3 0.0726226774046354 -0.884210240505736 0
"394" 0 1 0.00734771300393557 -3.17306385403724 0 4 0.0726226774046354 3.34265853041893 0
"395" 0 1 0.0726226774046354 -2.55754770544665 0 2 0.0726226774046354 1.81237770109891 1
"396" 0 0 0.0726226774046354 -2.2946484289757 0 2 0.0726226774046354 0.964865723398849 1
"397" 0 0 0.0482214170910935 -2.20270350099521 0 4 0.0726226774046354 0.113130803608103 0
"398" 0 1 0.0240939596362608 -1.02091103877243 0 4 0.0726226774046354 1.46902319646598 0
"399" 1 1 0.0433717975073275 -2.75429344247251 0 4 0.0726226774046354 2.70087403350642 0
"400" 0 1 0.0015901507846546 -4.35271156732522 0 4 0.0726226774046354 2.67128661959526 0
"401" 0 1 0.00542601933340069 -2.43119045294897 0 4 0.0726226774046354 1.17749925660654 0
"402" 0 0 0.0391993451512123 -2.77818101394718 0 2 0.0726226774046354 0.496274579316512 0
"403" 0 1 0.0115026280793427 -1.62772222876989 0 5 0.0726226774046354 1.10503104077397 0
"404" 0 1 0.0277981780238171 -4.31534368413094 0 1 0.0726226774046354 -0.17915367076978 0
"405" 1 1 0.00461050516008899 -3.05683756812517 0 3 0.0726226774046354 1.83689751873077 0
"406" 0 1 0.0726226774046354 -3.32933839158734 0 5 0.0726226774046354 1.26117619656455 1
"407" 1 0 0.0333378870193776 -2.74001159758548 0 5 0.0726226774046354 0.0190918338327117 0
"408" 1 1 0.0726226774046354 -1.9681021344896 0 4 0.0726226774046354 3.23267628899915 1
"409" 1 1 0.0726226774046354 -1.92157791570643 0 1 0.0726226774046354 0.414803356383974 1
"410" 0 0 0.0726226774046354 -3.47426890574931 0 4 0.0726226774046354 0.0935079301494031 1
"411" 0 0 0.019619512129895 -2.21714132824391 0 4 0.0726226774046354 0.103564058439784 0
"412" 1 1 0.0585245737914863 -3.4924543047829 0 4 0.0726226774046354 0.471080472308126 0
"413" 0 1 0.0726226774046354 -2.13620201366176 0 5 0.0726226774046354 1.25919424365333 1
"414" 1 0 0.0254231092012436 -2.6121966229839 1 2 0.0726226774046354 0.779690774573678 0
"415" 0 1 0.0726226774046354 -2.88646122491419 0 2 0.0726226774046354 2.54042252449227 1
"416" 1 1 0.00647177722300916 -3.7773090760255 0 3 0.0726226774046354 -0.24524964769156 0
"417" 0 1 0.0726226774046354 -1.51834174744096 0 6 0.0726226774046354 2.25356205655171 1
"418" 1 1 0.0459434021543904 -2.7464109421655 0 3 0.0726226774046354 0.756670676970377 0
"419" 1 1 0.032852798558651 -3.75199550762808 1 1 0.0726226774046354 0.377259697854139 0
"420" 1 1 0.0289755057932413 -2.47222685012393 0 2 0.0726226774046354 -0.0141699367381976 0
"421" 1 1 0.0726226774046354 -4.04293567220083 0 2 0.0726226774046354 0.948084915696996 1
"422" 0 1 0.0243806738071561 -1.95516894583514 0 9 0.0726226774046354 0.102288952341695 0
"423" 1 0 0.0726226774046354 -4.51544688879673 0 5 0.0726226774046354 0.0691262005561173 1
"424" 1 0 0.0397603095967332 -3.95378854330339 0 1 0.0726226774046354 2.25176589221544 0
"425" 0 0 0.00169846102442617 -4.13970042048753 0 0 0.0726226774046354 2.79996338971737 0
"426" 0 0 0.0266203590811669 -2.97649592310906 0 1 0.0726226774046354 0.371595695503918 0
"427" 0 1 0.0726226774046354 -0.99462528646119 0 4 0.0726226774046354 0.808711877029446 1
"428" 1 0 0.0509627586089675 -2.69233214831103 0 2 0.0726226774046354 -0.242808719089512 0
"429" 0 1 0.0181577929716407 -3.33760060204111 0 2 0.0726226774046354 0.806272860965999 0
"430" 0 0 0.0300897701020201 -3.43672615965743 0 4 0.0726226774046354 1.42947735070246 0
"431" 1 1 0.0207415845770159 -1.94881381511644 0 0 0.0726226774046354 1.14342872598813 0
"432" 0 1 0.0726226774046354 -3.2831234912319 0 3 0.0726226774046354 0.745054733335887 1
"433" 0 0 0.0610880213600295 -3.52258531878965 0 5 0.0726226774046354 0.279486166883434 0
"434" 0 0 0.0726226774046354 -2.90241849745338 0 2 0.0726226774046354 1.14550836174136 1
"435" 0 1 0.0525508700903864 -2.19823798734781 0 5 0.0726226774046354 -0.928317707487871 0
"436" 1 0 0.0649634005801007 -2.15139782921712 0 0 0.0726226774046354 0.213531212482886 0
"437" 1 1 0.0320249479179873 -3.94758143919172 0 3 0.0726226774046354 1.79021355471568 0
"438" 1 0 0.017088746534764 -3.34949219133005 0 5 0.0726226774046354 0.254996666323436 0
"439" 0 1 0.0726226774046354 -3.11968952305418 0 3 0.0726226774046354 -1.50261159936799 1
"440" 1 0 0.0559231333431147 -3.65080992631575 0 0 0.0726226774046354 -0.5604590523748 0
"441" 0 1 0.0464654197406294 -3.82758504432839 0 2 0.0726226774046354 2.52687963418945 0
"442" 0 1 0.0726226774046354 -2.29538834898209 0 3 0.0726226774046354 2.86588805472114 1
"443" 0 0 0.0594008549865471 -3.31750738652135 0 7 0.0726226774046354 -0.824446817272113 0
"444" 1 0 0.00799277014787566 -3.08731975004471 0 4 0.0726226774046354 1.56402444217151 0
"445" 0 0 0.0310243198995971 -4.29590253554046 0 0 0.0726226774046354 0.638382217201094 0
"446" 1 1 0.00316131970076448 -2.10438846239728 0 4 0.0726226774046354 0.41569204169037 0
"447" 0 1 0.0726226774046354 -4.30352170302969 1 4 0.0726226774046354 1.6090099208562 1
"448" 0 0 0.0313107162504599 -4.98478788337173 1 3 0.0726226774046354 1.52778982817477 0
"449" 1 1 0.0153018352873314 -3.51358747358406 0 2 0.0726226774046354 0.655116152618556 0
"450" 0 1 0.0726226774046354 -2.07070584318103 0 2 0.0726226774046354 0.325780751594507 1
"451" 0 1 0.0427008678998989 -3.98999893082623 0 5 0.0726226774046354 0.698551261273314 0
"452" 0 0 0.0020677230953971 -1.78696832497313 0 4 0.0726226774046354 0.432478150720239 0
"453" 1 1 0.0533124307589379 -4.06885957949093 0 3 0.0726226774046354 -0.512801592646238 0
"454" 1 1 0.0726226774046354 -0.0774316049323529 0 1 0.0726226774046354 2.18732203242639 1
"455" 0 1 0.029052775291477 -3.54433614555033 0 7 0.0726226774046354 -0.27585562739646 0
"456" 1 1 0.0726226774046354 -2.09812435730183 0 2 0.0726226774046354 0.325074577758222 1
"457" 1 0 0.0180819673093727 -2.80006531993203 0 4 0.0726226774046354 0.57772139925333 0
"458" 1 0 0.00363841901186984 -3.84321189849511 0 3 0.0726226774046354 -0.25696561510566 0
"459" 0 0 0.0620612290142663 -2.3672801004108 0 5 0.0726226774046354 0.201121770478485 0
"460" 0 1 0.00902051647424832 -3.52040577092857 0 1 0.0726226774046354 2.13770326225865 0
"461" 1 1 0.0225643229665139 -0.586385630030367 0 5 0.0726226774046354 1.73652633101437 0
"462" 1 0 0.00758611622681318 -4.65566288442204 0 5 0.0726226774046354 2.58524166628373 0
"463" 1 1 0.0388955293527559 -2.26675666912242 0 5 0.0726226774046354 2.10283813365845 0
"464" 1 1 0.0165035032683001 -3.11410766221022 0 3 0.0726226774046354 0.0174082375279367 0
"465" 0 0 0.0339213489156541 -2.30034118980797 0 2 0.0726226774046354 1.83253012109788 0
"466" 1 0 0.0153894171989074 -2.46627349190688 0 1 0.0726226774046354 -0.5691685002019 0
"467" 0 1 0.0220829326821288 -1.47039397381971 0 2 0.0726226774046354 2.31768148756704 0
"468" 0 1 0.0696653741533648 -3.14000043011378 0 4 0.0726226774046354 2.53415065479019 0
"469" 0 0 0.00539732504492138 -3.35165735795389 0 4 0.0726226774046354 0.975867855719304 0
"470" 0 0 0.0726226774046354 -2.75440224618303 0 5 0.0726226774046354 0.390348130159229 1
"471" 0 1 0.0263063027808584 -2.67703294024743 0 1 0.0726226774046354 1.1116360952331 0
"472" 0 1 0.0726226774046354 -3.06774412190897 0 4 0.0726226774046354 1.38268139398952 1
"473" 0 0 0.00625027972383498 -3.07838456003451 0 3 0.0726226774046354 0.0492803034072065 0
"474" 0 1 0.0726226774046354 -0.780825329400509 1 3 0.0726226774046354 2.28754673401765 1
"475" 1 1 0.0726226774046354 -2.61616401620534 1 4 0.0726226774046354 1.8580569257251 1
"476" 1 0 0.0194187844138748 -3.27663104364507 0 3 0.0726226774046354 1.98272536216028 0
"477" 1 0 0.0147171919407717 -1.74968631627484 0 5 0.0726226774046354 0.684630948427113 0
"478" 1 1 0.060875527893074 -3.79822165961273 0 1 0.0726226774046354 1.03246129132574 0
"479" 0 1 0.0203441366432822 -5.07276812001779 0 4 0.0726226774046354 1.7910368052548 0
"480" 0 0 0.00211964207342865 -1.81365160344683 0 5 0.0726226774046354 1.33949663114232 0
"481" 0 1 0.00201060007896259 -2.52280001607765 0 2 0.0726226774046354 1.94460467703635 0
"482" 0 0 0.052458324283706 -3.86603921954205 0 2 0.0726226774046354 1.56879275467749 0
"483" 1 0 0.0726226774046354 -1.91384441972326 1 2 0.0726226774046354 1.25841679239521 1
"484" 0 1 0.0726226774046354 -1.15425062783323 0 4 0.0726226774046354 0.771929840958328 1
"485" 0 1 0.00857053193126516 -2.34226835279125 0 2 0.0726226774046354 1.31038951225983 0
"486" 0 0 0.0695436572569665 -2.95637780493232 0 2 0.0726226774046354 -0.607878772775327 0
"487" 0 1 0.0726226774046354 -2.62206253760971 0 2 0.0726226774046354 0.102589752969791 1
"488" 1 0 0.0666613687658379 -2.88308043414666 0 1 0.0726226774046354 1.85569562723564 0
"489" 1 0 0.00564479060666811 -2.40662082851347 0 3 0.0726226774046354 -0.962062568828849 0
"490" 0 0 0.00226342814443404 -3.97171801527083 0 0 0.0726226774046354 1.94872096503512 0
"491" 1 0 0.0726226774046354 -2.55696798054777 0 3 0.0726226774046354 1.10405399655551 1
"492" 0 0 0.0726226774046354 -1.88021064341835 0 5 0.0726226774046354 -0.0442572814595312 1
"493" 0 1 0.00455115630857263 -2.95607987021015 0 3 0.0726226774046354 1.7095200903182 0
"494" 0 0 0.0575465795766123 -4.79485732617024 0 2 0.0726226774046354 1.17529332651918 0
"495" 0 0 0.0181642672002512 -1.66286294923735 0 6 0.0726226774046354 -0.058469720516019 0
"496" 0 0 0.0118006624728651 -3.71319464191327 0 4 0.0726226774046354 0.319346352793634 0
"497" 0 0 0.0153009197693128 -3.691521124153 0 5 0.0726226774046354 -0.014676949986498 0
"498" 0 0 0.0355656828179183 -2.97576960726031 0 2 0.0726226774046354 3.33661525391031 0
"499" 1 1 0.014283446112789 -3.15928638644901 0 3 0.0726226774046354 -0.171450026125463 0
"500" 0 0 0.00132659698053375 -1.35463603871064 0 1 0.0726226774046354 -1.14142765964586 0
"501" 0 0 0.0726226774046354 -2.36081753164156 0 3 0.0726226774046354 2.09765014246608 1
"502" 1 0 0.0333309907907445 -1.40175848148208 0 1 0.0726226774046354 2.18103650070068 0
"503" 0 1 0.020635490616571 -4.25367825120823 1 2 0.0726226774046354 1.58751068066623 0
"504" 0 1 0.0480596030493633 -2.38197270950133 1 2 0.0726226774046354 2.07617257820323 0
"505" 0 1 0.0267420234328639 -1.82379870419585 0 7 0.0726226774046354 2.13665290090847 0
"506" 0 0 0.016565144553079 -1.62046749743201 1 1 0.0726226774046354 1.76029266077947 0
"507" 1 0 0.0488852628015654 -2.28901998286268 0 4 0.0726226774046354 1.14714239836748 0
"508" 0 1 0.0110219517044546 -3.66057777173007 0 4 0.0726226774046354 2.06645339140338 0
"509" 1 1 0.0258891295775626 -2.08115801344844 0 3 0.0726226774046354 0.575864991292663 0
"510" 0 0 0.0726226774046354 -2.01218163302024 0 2 0.0726226774046354 0.624968723025537 1
"511" 0 0 0.0172741582468738 -2.70876305915682 0 5 0.0726226774046354 -0.051459917306806 0
"512" 0 1 0.0209026456741293 -2.9634051655338 0 1 0.0726226774046354 -0.288383456543135 0
"513" 0 0 0.0158597157697841 -2.13781122076824 0 2 0.0726226774046354 1.52304436188275 0
"514" 0 1 0.0726226774046354 -3.70110976490773 0 0 0.0726226774046354 0.918950970643785 1
"515" 1 1 0.0263726688463536 -2.51017031800058 0 3 0.0726226774046354 -0.0746804719749641 0
"516" 0 1 0.0369653136248836 -3.09797560973066 0 2 0.0726226774046354 1.42944292750789 0
"517" 0 1 0.0726226774046354 -2.19908091187645 0 2 0.0726226774046354 0.801488681772738 1
"518" 0 1 0.0726226774046354 -3.17713281820301 0 2 0.0726226774046354 0.283615092408195 1
"519" 0 0 0.0105846032397514 -4.37570907792012 0 3 0.0726226774046354 0.696469124874594 0
"520" 1 1 0.0302884334727207 -1.36632193314071 0 2 0.0726226774046354 0.737608091924155 0
"521" 0 1 0.0480723728848153 -3.46852248301383 1 4 0.0726226774046354 1.03912518221339 0
"522" 1 1 0.0726226774046354 -3.09849946448543 0 4 0.0726226774046354 1.06258531405203 1
"523" 1 0 0.0143466378257834 -3.18714684915415 0 2 0.0726226774046354 1.55631099073041 0
"524" 1 1 0.0306029470375976 -3.49868930168793 0 3 0.0726226774046354 0.882758620033848 0
"525" 0 0 0.0159637619288051 -4.13758179611373 0 4 0.0726226774046354 0.428020498617561 0
"526" 0 0 0.00645972290382933 -2.08073973236846 0 2 0.0726226774046354 1.27348169575633 0
"527" 1 1 0.00691552626303221 -2.88155059099862 0 4 0.0726226774046354 0.162800257503444 0
"528" 1 1 0.0726226774046354 -2.43351699214951 0 2 0.0726226774046354 0.836598229845132 1
"529" 1 1 0.0726226774046354 -3.27792381914243 0 2 0.0726226774046354 1.52891889480175 1
"530" 0 1 0.00654041016398594 -2.18615160479527 0 5 0.0726226774046354 0.496524228559438 0
"531" 1 1 0.0726226774046354 -2.64100132505537 0 4 0.0726226774046354 2.22758487302991 1
"532" 1 1 0.0553718774659701 -3.10591789107499 0 5 0.0726226774046354 0.202937354026509 0
"533" 1 1 0.0574696191352957 -2.76240566450534 0 7 0.0726226774046354 1.18140440126168 0
"534" 1 1 0.0450724015713366 -3.7449073817356 0 2 0.0726226774046354 0.130209186203056 0
"535" 0 0 0.0112895966892656 -5.1202942404899 0 5 0.0726226774046354 -0.385373746507867 0
"536" 0 0 0.0726226774046354 -3.98194502399245 0 2 0.0726226774046354 0.487394756994173 1
"537" 0 0 0.0246155313463427 -2.42399561289737 0 0 0.0726226774046354 2.12095679875579 0
"538" 1 0 0.0236853718677497 -2.733025457358 0 3 0.0726226774046354 0.845621333354975 0
"539" 1 1 0.00435411287416909 -4.66139065762396 0 2 0.0726226774046354 0.642502209766767 0
"540" 1 0 0.0103544012881959 -4.59114470333754 0 1 0.0726226774046354 2.23648319682949 0
"541" 1 0 0.0369209677298528 -4.14605786057163 0 4 0.0726226774046354 1.75350951350757 0
"542" 1 0 0.00467829873442368 -2.75652588630319 0 2 0.0726226774046354 1.92059392797074 0
"543" 1 1 0.0726226774046354 -2.78425754216408 0 3 0.0726226774046354 1.67157445191191 1
"544" 1 1 0.000729776797117288 -0.578990013573013 0 4 0.0726226774046354 1.33567503962401 0
"545" 1 0 0.0351208725635491 -2.71765605031464 0 4 0.0726226774046354 0.65471619182121 0
"546" 1 1 0.0726226774046354 -4.08160646927124 0 4 0.0726226774046354 1.42655216139556 1
"547" 0 0 0.0726226774046354 -3.52512756339942 0 2 0.0726226774046354 -0.226082270047739 1
"548" 0 0 0.0726226774046354 -3.3922776982704 0 3 0.0726226774046354 0.961728271510622 1
"549" 1 1 0.0726226774046354 -2.93626070799802 0 2 0.0726226774046354 1.4073490566353 1
"550" 1 0 0.00617798729466873 -2.69418467607237 0 3 0.0726226774046354 1.4295371235826 0
"551" 0 0 0.0726226774046354 -2.7081613810047 0 4 0.0726226774046354 0.963634769390316 1
"552" 1 0 0.0135486350581624 -2.96086878518591 0 1 0.0726226774046354 -0.491181341024896 0
"553" 0 1 0.0419405488881822 -2.60734589654178 0 3 0.0726226774046354 1.33547187075316 0
"554" 1 1 0.0394694230998512 -3.93894842337297 0 2 0.0726226774046354 1.83351542768975 0
"555" 0 0 0.0159438373563842 -2.81692955554266 0 1 0.0726226774046354 2.37247410731054 0
"556" 1 0 0.0548225967726899 -4.3048835754259 0 2 0.0726226774046354 -0.253123206251335 0
"557" 1 0 0.0726226774046354 -3.75049294230716 0 4 0.0726226774046354 1.02135767937963 1
"558" 0 1 0.00410737102083136 -1.95127115395457 0 3 0.0726226774046354 1.31027789740541 0
"559" 0 0 0.0726226774046354 -2.16050966402305 0 3 0.0726226774046354 1.72343227991323 1
"560" 0 1 0.0226054577546221 -3.0064483904042 0 0 0.0726226774046354 0.965886679263537 0
"561" 1 1 0.0646593108360623 -2.4376662502756 0 5 0.0726226774046354 1.16840385291024 0
"562" 0 0 0.0542914015001212 -4.27990618115235 0 3 0.0726226774046354 1.45738046773175 0
"563" 1 0 0.024090727667742 -2.8125968615349 0 2 0.0726226774046354 1.21319106318534 0
"564" 1 0 0.023643655221469 -2.17376858983674 0 1 0.0726226774046354 -1.9962631949999 0
"565" 1 0 0.0186106532619216 -2.93328394674102 0 7 0.0726226774046354 0.959327453744903 0
"566" 0 0 0.0726226774046354 -3.56284991800622 0 4 0.0726226774046354 1.27938928272378 1
"567" 1 0 0.0726226774046354 -2.44315225966079 0 5 0.0726226774046354 1.92113143942101 1
"568" 0 0 0.000483266332699502 -2.95349354006115 0 2 0.0726226774046354 0.165107765622416 0
"569" 1 0 0.0603028018389557 -3.98773297389388 0 3 0.0726226774046354 2.13145224820712 0
"570" 1 1 0.0726226774046354 -3.48543313612924 0 0 0.0726226774046354 0.0512279176871792 1
"571" 0 1 0.0726226774046354 -2.40839883911296 0 2 0.0726226774046354 2.39150094262967 1
"572" 0 1 0.0363844502218084 -2.23526845530979 0 4 0.0726226774046354 0.704852166443905 0
"573" 1 1 0.0726226774046354 -3.055134259418 0 3 0.0726226774046354 1.5060651861311 1
"574" 0 1 0.0245043710466547 -2.33979229723711 0 4 0.0726226774046354 3.90644023812446 0
"575" 0 0 0.0227413344513934 -3.36257783170402 0 0 0.0726226774046354 1.03188405560306 0
"576" 0 0 0.0127048094793324 -2.88719606954917 0 4 0.0726226774046354 0.144766548428206 0
"577" 1 0 0.0212155538894361 -3.38774667286208 0 5 0.0726226774046354 1.75421152042141 0
"578" 0 1 0.0476964983110349 -3.82330927582937 0 3 0.0726226774046354 2.03929397134349 0
"579" 1 0 0.0569534804294685 -2.71581396343502 0 1 0.0726226774046354 3.41577011581735 0
"580" 0 1 0.0726226774046354 -4.01354909675977 0 2 0.0726226774046354 2.49554346816152 1
"581" 1 1 0.0726226774046354 -2.51322402352411 0 3 0.0726226774046354 0.236312070773279 1
"582" 1 0 0.0360156404396875 -4.36065581871997 0 5 0.0726226774046354 1.30343190220804 0
"583" 0 0 0.0726226774046354 -2.86738594761977 0 2 0.0726226774046354 1.43375988813592 1
"584" 1 1 0.0726226774046354 -3.71592771823508 0 5 0.0726226774046354 0.979179474170907 1
"585" 0 0 0.00827518682132855 -1.82714931858844 0 6 0.0726226774046354 -0.4917464170295 0
"586" 1 0 0.00414322620264746 -3.03773946630875 0 7 0.0726226774046354 -1.35506096495555 0
"587" 1 0 0.0157256383680593 -2.4405887644913 0 6 0.0726226774046354 1.64632726090054 0
"588" 1 0 0.0144479799579439 -4.21772273307294 0 7 0.0726226774046354 1.41361077517266 0
"589" 0 0 0.00304889416809916 -2.12293147614846 0 5 0.0726226774046354 1.85634658047659 0
"590" 1 0 0.0726226774046354 -3.78329393638335 0 4 0.0726226774046354 -0.523595067325983 1
"591" 0 1 0.016474470628235 -3.2604139748342 1 1 0.0726226774046354 0.994392814765809 0
"592" 0 1 0.0229898879254696 -3.540974623441 0 5 0.0726226774046354 -0.316957909317367 0
"593" 1 0 0.0301791466473859 -2.40685975922565 0 4 0.0726226774046354 0.991372828607674 0
"594" 1 1 0.0702594759282018 -0.98555456079026 0 1 0.0726226774046354 0.969177618866337 0
"595" 1 1 0.0653060603463074 -2.95249558260489 0 1 0.0726226774046354 -0.683841196117575 0
"596" 1 0 0.0278393378028084 -4.02020373431732 0 1 0.0726226774046354 1.66372162158181 0
"597" 1 0 0.0306639214535988 -2.68969052882846 0 1 0.0726226774046354 -0.651443502213195 0
"598" 0 0 0.0159522835273203 -3.89671436193307 0 4 0.0726226774046354 1.53470433514113 0
"599" 0 0 0.00643080778040887 -4.47261285241085 0 1 0.0726226774046354 1.21415531242881 0
"600" 0 1 0.0276592316762579 -2.47415749160936 0 4 0.0726226774046354 1.68746282253803 0
"601" 0 1 0.0185500177001994 -2.17850810286247 0 2 0.0726226774046354 1.18325445173152 0
"602" 0 1 0.0231941105632315 -2.38976514156028 0 3 0.0726226774046354 -0.417395155889386 0
"603" 0 1 0.00437243271034082 -2.89828483226719 0 2 0.0726226774046354 1.75473731935039 0
"604" 0 1 0.0703073579446335 -3.17912729411436 0 2 0.0726226774046354 1.88884867205415 0
"605" 0 0 0.0227992015189123 -1.99220928181469 0 2 0.0726226774046354 0.306072804991915 0
"606" 1 0 0.00125783362980884 -4.51070472340265 0 4 0.0726226774046354 -0.859979945953661 0
"607" 0 0 0.00770739957915328 -3.11741532052645 0 2 0.0726226774046354 1.346311411456 0
"608" 0 1 0.0704211742579481 -1.44646145557252 0 1 0.0726226774046354 3.46767678969894 0
"609" 1 1 0.0726226774046354 -1.46343920553148 0 2 0.0726226774046354 1.33369734969522 1
"610" 0 0 0.0400696450086882 -4.7143403936533 0 3 0.0726226774046354 0.0189924682388675 0
"611" 1 1 0.0726226774046354 -2.19798197583338 0 7 0.0726226774046354 -1.4588694616329 1
"612" 0 1 0.0397024177640228 -3.08891365082775 0 1 0.0726226774046354 -1.30990612447463 0
"613" 0 0 0.0260350467471753 -2.54208724722749 0 8 0.0726226774046354 2.09713502274987 0
"614" 1 0 0.0506157263867112 -3.48154333559309 0 6 0.0726226774046354 1.30715075111781 0
"615" 1 0 0.0142577886908011 -3.19879438345405 0 5 0.0726226774046354 -0.194051746803219 0
"616" 0 0 0.0506562582374871 -3.7567563776862 0 3 0.0726226774046354 2.209815162214 0
"617" 0 0 0.00873896012797943 -2.21640896941105 0 5 0.0726226774046354 2.40829003795977 0
"618" 0 0 0.0451045846641428 -4.56299473100486 0 3 0.0726226774046354 1.93553482167175 0
"619" 1 1 0.0624521458971983 -4.22939932667209 0 3 0.0726226774046354 1.52437593426014 0
"620" 0 0 0.0588097974533203 -2.72252770925629 0 3 0.0726226774046354 0.187891195413207 0
"621" 1 1 0.0726226774046354 -4.43819188279972 0 1 0.0726226774046354 -0.016293656290977 1
"622" 1 0 0.0128516532985306 -3.69703566107352 0 1 0.0726226774046354 -0.481653669002157 0
"623" 0 0 0.0292193128779034 -3.97402539476969 0 2 0.0726226774046354 2.46225764929432 0
"624" 0 1 0.00316087893062294 -3.25183821634161 0 4 0.0726226774046354 2.47232966724161 0
"625" 0 1 0.0726226774046354 -5.27986156915456 0 2 0.0726226774046354 2.01607288909315 1
"626" 1 0 0.0256094792888778 -3.86531019576353 0 1 0.0726226774046354 -0.289029825674542 0
"627" 0 1 0.0280640966428148 -3.06730130399495 1 7 0.0726226774046354 0.460800112406597 0
"628" 1 1 0.0203325745316912 -3.25266280681755 0 3 0.0726226774046354 0.512620651605826 0
"629" 0 0 0.0711807593217801 -3.84657694636499 0 3 0.0726226774046354 -0.158936183957897 0
"630" 0 1 0.0218766761047658 -2.8720991605287 0 2 0.0726226774046354 1.31486634455835 0
"631" 1 0 0.035238546941999 -3.3623913038743 0 6 0.0726226774046354 1.30953710986738 0
"632" 1 0 0.0100358482322309 -3.53318954132669 0 3 0.0726226774046354 0.0702452785069879 0
"633" 0 0 0.0235571183316172 -3.98454896043001 0 1 0.0726226774046354 -0.0397501347962572 0
"634" 0 1 0.0726226774046354 -3.98584673756184 0 8 0.0726226774046354 0.561886809954576 1
"635" 0 1 5.04998175755214e-06 -4.60543695462447 0 5 0.0726226774046354 1.18794754508627 0
"636" 0 1 0.0194931797839864 -4.01043469080371 0 2 0.0726226774046354 -0.966096998240067 0
"637" 0 0 0.0215477738958816 -4.79497484313607 0 1 0.0726226774046354 0.0894615931000708 0
"638" 1 1 0.00995913010476346 -2.947472454941 1 5 0.0726226774046354 0.10589606085913 0
"639" 1 1 0.00692038675184715 -0.585475378504423 0 6 0.0726226774046354 -0.550994250241598 0
"640" 0 0 0.0381928722381575 -3.50305395003369 0 2 0.0726226774046354 0.889813929371428 0
"641" 0 1 0.0476461555922982 -2.82000949920611 0 4 0.0726226774046354 1.15621504186531 0
"642" 1 1 0.0726226774046354 -2.7424057373279 0 1 0.0726226774046354 0.718724083986914 1
"643" 1 1 0.0136141823434831 -3.68750044552972 0 2 0.0726226774046354 -0.223921667871133 0
"644" 0 0 0.049264108384201 -2.0020870713639 0 2 0.0726226774046354 0.666599481627563 0
"645" 1 0 0.0606541683264633 -2.68250497247158 0 5 0.0726226774046354 1.00189437013494 0
"646" 0 0 0.00726341043606271 -2.77153983185363 0 3 0.0726226774046354 -0.129619874365772 0
"647" 0 1 0.0224182470098908 -2.99706686658981 0 1 0.0726226774046354 0.735351064896401 0
"648" 1 0 0.0617974717142198 -3.01173650396146 1 0 0.0726226774046354 1.46296303834737 0
"649" 0 0 0.0124270259185099 -2.88421508949436 0 3 0.0726226774046354 1.13831485671981 0
"650" 0 0 0.0155656709768212 -3.81887837581174 0 2 0.0726226774046354 0.538900745423375 0
"651" 1 1 0.00184248470860872 -3.26284636226383 0 2 0.0726226774046354 0.337465210060741 0
"652" 0 0 0.0726226774046354 -3.5161763823155 0 1 0.0726226774046354 0.759992430763496 1
"653" 1 0 0.0374255446213185 -3.45534624510839 0 3 0.0726226774046354 0.574294805844655 0
"654" 1 1 0.0151595911072059 -1.94887780637244 0 2 0.0726226774046354 0.857673151114858 0
"655" 1 0 0.00625957787194203 -1.45742174908761 0 2 0.0726226774046354 -0.0384507308641686 0
"656" 0 1 0.0137712252373498 -3.20435041360096 0 0 0.0726226774046354 1.54513562492302 0
"657" 1 1 0.0212147034817456 -3.37151316479534 1 5 0.0726226774046354 0.930917389450071 0
"658" 1 0 0.0726226774046354 -2.85824359561997 0 2 0.0726226774046354 2.37084597960468 1
"659" 0 1 0.0726226774046354 -2.7924462792153 0 3 0.0726226774046354 3.74741816969444 1
"660" 0 1 0.00166140837908466 -3.76170542856121 0 4 0.0726226774046354 0.604410496420275 0
"661" 0 1 0.0150265192830737 -2.22359777482485 1 4 0.0726226774046354 0.954818024390104 0
"662" 0 1 0.0313484253872326 -2.28721375219211 0 3 0.0726226774046354 1.23139096480328 0
"663" 1 1 0.0726226774046354 -3.02888387505719 0 4 0.0726226774046354 1.93248478863676 1
"664" 1 1 0.0370855117974885 -2.89822179713443 0 3 0.0726226774046354 0.189602525648065 0
"665" 1 0 0.0726226774046354 -2.24151099646924 0 3 0.0726226774046354 0.679939942832924 1
"666" 0 0 0.0126916393511073 -2.9989898866462 0 2 0.0726226774046354 1.69943918062921 0
"667" 1 0 0.0479014610475405 -2.83548735855766 0 2 0.0726226774046354 0.821594095708134 0
"668" 0 1 0.0726226774046354 -4.40938037037078 0 5 0.0726226774046354 -0.00967427733957438 1
"669" 1 0 0.0179872174030253 -1.40734141677513 0 4 0.0726226774046354 1.68207219400589 0
"670" 1 1 0.0619239066130167 -1.94209178737289 0 2 0.0726226774046354 1.69048231597383 0
"671" 0 1 0.0256326623229285 -2.15789150415817 0 1 0.0726226774046354 2.46004770357425 0
"672" 0 1 0.00957279350141419 -2.79432494754063 0 2 0.0726226774046354 0.848649684775132 0
"673" 0 0 0.0124342267225708 -2.49442835001608 0 3 0.0726226774046354 -0.069139584296994 0
"674" 0 0 0.0179819684623823 -2.9302301829034 0 2 0.0726226774046354 1.77906200795167 0
"675" 0 1 0.0676790813473367 -4.10541482134661 0 4 0.0726226774046354 1.47250990833617 0
"676" 0 0 0.00328245980418338 -1.6666607003558 0 3 0.0726226774046354 0.217365547880202 0
"677" 0 0 0.0184879645749343 -2.29749814080766 0 2 0.0726226774046354 1.1365567253776 0
"678" 1 1 0.0726226774046354 -2.71578985213553 0 1 0.0726226774046354 1.39976233021893 1
"679" 0 0 0.0726226774046354 -4.35867628080252 0 1 0.0726226774046354 0.577922534418783 1
"680" 0 1 0.0726226774046354 -2.30818120918596 0 3 0.0726226774046354 2.86579759626333 1
"681" 1 0 0.0558698031860343 -2.93051629797686 0 6 0.0726226774046354 1.55174194842655 0
"682" 0 1 0.0726226774046354 -4.46649010666253 0 6 0.0726226774046354 0.66391323901585 1
"683" 0 1 0.0306965513092279 -2.3810597959393 0 2 0.0726226774046354 1.30217947083412 0
"684" 1 0 0.0266268357184671 -3.17700622105698 0 2 0.0726226774046354 0.0980715520925091 0
"685" 1 1 0.00151333682962604 -2.2560931036121 0 1 0.0726226774046354 1.76505998317122 0
"686" 1 1 0.012949678298684 -4.04372231039072 0 1 0.0726226774046354 1.78731277905606 0
"687" 1 0 0.00291526593547104 -3.42996317602553 0 0 0.0726226774046354 2.44185314778252 0
"688" 1 1 0.0726226774046354 -4.70918640583376 0 2 0.0726226774046354 1.01909652433708 1
"689" 0 1 0.0350067735387115 -2.85127991028082 0 2 0.0726226774046354 2.0454187704262 0
"690" 1 0 0.00924872518295904 -1.51118915142203 0 2 0.0726226774046354 0.626346613889688 0
"691" 1 1 0.042420084135911 -2.08266773554977 0 1 0.0726226774046354 0.356951140420351 0
"692" 1 0 0.0456453226542342 -3.87375706842636 0 3 0.0726226774046354 0.211205494704097 0
"693" 0 1 0.0726226774046354 -5.34928232174485 0 5 0.0726226774046354 1.02749388935759 1
"694" 0 0 0.00608054209713694 -3.67619012176589 0 0 0.0726226774046354 0.693664152890672 0
"695" 0 1 0.0122591626294683 -2.37479554787814 0 2 0.0726226774046354 2.04181901655022 0
"696" 1 0 0.010647750738433 -2.4031203810958 0 1 0.0726226774046354 0.583194373167249 0
"697" 1 0 0.0103477769218428 -2.72960091627038 0 3 0.0726226774046354 1.01871547703296 0
"698" 0 0 0.00829470722661382 -1.72865502001856 0 6 0.0726226774046354 0.976873584494639 0
"699" 0 1 0.00542747670013191 -5.4460128857686 0 6 0.0726226774046354 0.610296555880105 0
"700" 1 0 0.00475349481080671 -1.05885299098905 0 3 0.0726226774046354 -0.868993843254874 0
"701" 0 1 0.0726226774046354 -2.17167981101478 0 3 0.0726226774046354 2.65632260805934 1
"702" 1 1 0.0726226774046354 -3.35126782951663 0 5 0.0726226774046354 0.479297580679574 1
"703" 1 0 0.0039616212276204 -1.90050097243683 0 3 0.0726226774046354 1.6079246430293 0
"704" 0 1 0.0244452641996739 -3.03006354094419 0 1 0.0726226774046354 1.43400847862004 0
"705" 0 0 0.00130484679956209 -2.15144080022854 0 3 0.0726226774046354 0.295258596303917 0
"706" 0 1 0.0217771349749035 -2.37268201176764 0 2 0.0726226774046354 1.13515239980557 0
"707" 0 0 0.0726226774046354 -4.77844801131689 0 8 0.0726226774046354 -0.816985461975523 1
"708" 1 0 0.0237948059987408 -5.70589814420356 0 3 0.0726226774046354 1.16752063063861 0
"709" 1 1 0.0657890469579669 -3.98002091050616 0 2 0.0726226774046354 1.27098638872098 0
"710" 0 0 0.0305569680073873 -2.33122259282245 0 1 0.0726226774046354 1.56632596507252 0
"711" 0 0 0.0299076447054977 -1.8890107739222 0 5 0.0726226774046354 0.508717667439498 0
"712" 1 1 0.0726226774046354 -1.86747328451497 0 1 0.0726226774046354 1.49441479943531 1
"713" 1 1 0.0532710086623671 -2.61614988675132 0 3 0.0726226774046354 -0.870171587307685 0
"714" 1 1 0.0726226774046354 -2.67405069159798 0 2 0.0726226774046354 2.2639250460338 1
"715" 0 0 0.0726226774046354 -3.67908629290177 0 3 0.0726226774046354 0.339170409613554 1
"716" 0 0 0.0364282670714207 -2.47117977672743 0 1 0.0726226774046354 0.792711317333027 0
"717" 1 1 0.0726226774046354 -1.37334830880912 0 4 0.0726226774046354 1.58166700434951 1
"718" 0 0 0.0726226774046354 -5.61862454409527 0 3 0.0726226774046354 0.679069923027119 1
"719" 0 1 0.0609777882734333 -2.7940392515502 0 2 0.0726226774046354 -0.0927636883132728 0
"720" 0 1 0.0514108206645686 -2.71770804754445 0 1 0.0726226774046354 -0.322755750710779 0
"721" 0 1 0.0124452009396349 -2.71640644301574 0 3 0.0726226774046354 3.07673105477563 0
"722" 0 0 0.0726226774046354 -3.46590406215263 0 1 0.0726226774046354 1.1974031125581 1
"723" 1 0 0.0726226774046354 -3.14650182294876 0 0 0.0726226774046354 1.33365825441224 1
"724" 0 0 0.0521395472341578 -1.25176639945073 0 3 0.0726226774046354 1.50047384506167 0
"725" 1 1 0.0146777578764128 -2.0062880293139 0 2 0.0726226774046354 2.47206574365208 0
"726" 0 0 0.0263667997071887 -4.51352335106799 0 4 0.0726226774046354 -1.00571868174461 0
"727" 1 1 0.0479136498715572 -1.23750212232316 0 5 0.0726226774046354 0.717269771675541 0
"728" 1 1 0.00060057510901028 -2.31960940445884 0 1 0.0726226774046354 1.74950749757085 0
"729" 1 1 0.0726226774046354 -1.29761163926428 0 5 0.0726226774046354 2.03476157128771 1
"730" 1 1 0.0726226774046354 -2.71877957269909 0 3 0.0726226774046354 2.11648768369856 1
"731" 0 1 0.0447386827517502 -3.03194896513878 0 4 0.0726226774046354 -0.521671961401958 0
"732" 0 0 0.0726226774046354 -2.30530740131858 0 3 0.0726226774046354 0.79399820622759 1
"733" 0 1 0.0268880531264419 -4.94068877419357 0 1 0.0726226774046354 0.606880231169291 0
"734" 1 1 0.0726226774046354 -3.56520446967148 0 3 0.0726226774046354 1.68867104408347 1
"735" 0 1 0.041600954898674 -0.777504131519301 0 3 0.0726226774046354 0.0275856578781323 0
"736" 0 0 0.0249357480949062 -2.17786522063467 0 1 0.0726226774046354 0.348323698088043 0
"737" 0 0 0.0726226774046354 -2.29350966594515 0 3 0.0726226774046354 2.23250852834044 1
"738" 1 1 0.0592470882436484 -1.69138079184927 0 2 0.0726226774046354 1.88722189963869 0
"739" 1 1 0.0726226774046354 -1.93733872924101 1 7 0.0726226774046354 1.18556262485761 1
"740" 1 1 0.0366839963333437 -2.53432317634858 0 3 0.0726226774046354 1.51691933281679 0
"741" 0 1 0.0627696612034025 -2.01314657968572 0 1 0.0726226774046354 1.26179527029324 0
"742" 1 0 0.0493132267535211 0.216259644132849 0 5 0.0726226774046354 1.28642776455007 0
"743" 1 1 0.0726226774046354 -2.25121224391546 1 2 0.0726226774046354 0.451500208714668 1
"744" 1 1 0.0284931602641595 -2.28539741057509 0 4 0.0726226774046354 1.66880910461891 0
"745" 1 0 0.0129284721917852 -3.85285620377299 0 3 0.0726226774046354 -0.265235678757874 0
"746" 1 1 0.0726226774046354 -3.19319444453289 0 6 0.0726226774046354 0.391461511347953 1
"747" 1 1 0.0228660843340779 -2.06539605370863 0 3 0.0726226774046354 2.23767461590737 0
"748" 0 1 4.7128563810528e-05 -3.02889098593752 0 0 0.0726226774046354 -0.639198922643165 0
"749" 0 1 0.00453838972890581 -2.73628060904472 0 2 0.0726226774046354 0.879890196381171 0
"750" 1 0 0.0726226774046354 -4.03671157069206 0 3 0.0726226774046354 0.431284246137339 1
"751" 0 1 0.0726226774046354 -2.08393564998855 0 2 0.0726226774046354 -0.483149265136963 1
"752" 1 1 0.0712381306720599 -2.8508153630434 0 5 0.0726226774046354 2.47155699200368 0
"753" 1 1 0.0278345573249047 -3.42466337447525 0 2 0.0726226774046354 1.15638142092975 0
"754" 0 1 0.0726226774046354 -3.57633747706202 0 6 0.0726226774046354 1.11591376005449 1
"755" 1 1 0.00497459804385704 -1.61947171451482 0 1 0.0726226774046354 1.47860859557784 0
"756" 0 0 0.0112245151165515 -3.53218003314242 0 3 0.0726226774046354 2.49375813957698 0
"757" 0 0 0.034304680431463 -1.1609226083499 0 1 0.0726226774046354 2.17203080511351 0
"758" 0 1 0.0339665717648604 -4.81531872276183 0 1 0.0726226774046354 2.59812212842852 0
"759" 0 1 0.0410238700328518 -3.89606170195906 0 1 0.0726226774046354 -1.2018453118419 0
"760" 1 0 0.000681781412497388 -2.10992004585546 0 4 0.0726226774046354 -1.00684700425469 0
"761" 0 0 0.0259050415151802 -0.913103067497805 0 4 0.0726226774046354 0.901250174449121 0
"762" 1 0 0.0262633549807981 -3.55632153253429 0 5 0.0726226774046354 1.41566616889455 0
"763" 0 1 0.0562400641822415 -4.13568688512808 0 0 0.0726226774046354 1.06009407581195 0
"764" 0 1 0.0726226774046354 -3.24945744743214 0 1 0.0726226774046354 -0.0115315613591107 1
"765" 0 0 0.0470605055916516 -1.96478830286477 0 4 0.0726226774046354 0.0183826181017728 0
"766" 0 0 0.0383528514236205 -0.99030881222038 0 6 0.0726226774046354 2.00503283602216 0
"767" 0 0 0.0217675379740562 -5.03113385545747 0 8 0.0726226774046354 2.31633236476758 0
"768" 1 1 0.0726226774046354 -2.48410406003681 0 2 0.0726226774046354 0.27976280444286 1
"769" 0 0 0.0368798994136318 -0.365571879846394 0 2 0.0726226774046354 0.73013280187575 0
"770" 0 1 0.0350292193573246 -2.62972058323025 0 3 0.0726226774046354 2.77004619513915 0
"771" 1 0 0.0100482009831966 -2.64189980103674 1 3 0.0726226774046354 1.63009018588932 0
"772" 0 1 0.0726226774046354 -2.16324854478029 0 8 0.0726226774046354 0.0381867850078603 1
"773" 0 0 0.0725142467411251 -2.95657798776609 0 3 0.0726226774046354 0.666247974433749 0
"774" 1 1 0.0604928164283617 -2.78818118404981 0 1 0.0726226774046354 1.396825379156 0
"775" 0 1 0.0119865077823673 -2.00141477873816 0 6 0.0726226774046354 -0.0727095329076692 0
"776" 1 1 0.0726226774046354 -2.48299104008012 0 3 0.0726226774046354 1.81784611597562 1
"777" 1 0 0.0726226774046354 -3.28532493954111 0 3 0.0726226774046354 0.634756302662887 1
"778" 0 1 0.040046458735124 -2.6058228791092 0 4 0.0726226774046354 0.982160923484899 0
"779" 0 0 0.0107558125800364 -3.17324032245466 0 3 0.0726226774046354 1.55368682693327 0
"780" 0 1 0.0726226774046354 -3.26058571475563 0 0 0.0726226774046354 -0.452752711472306 1
"781" 0 1 0.042566288171813 -2.68327394933219 0 1 0.0726226774046354 2.41147788180901 0
"782" 0 0 0.00735677467246794 -3.95122018451997 0 3 0.0726226774046354 2.3574404623708 0
"783" 1 1 0.0286501639371355 -4.06996841594475 0 4 0.0726226774046354 0.367196942140909 0
"784" 0 0 0.0197161788101326 -2.62766636760298 0 4 0.0726226774046354 -0.851297764958291 0
"785" 1 1 0.0627078378902835 -2.74608770403414 0 3 0.0726226774046354 0.433544585789463 0
"786" 0 1 0.0459486667599251 -4.32830097862811 0 3 0.0726226774046354 -0.338224318893925 0
"787" 0 1 0.061451455771199 -3.83306584376199 0 3 0.0726226774046354 0.964036368694661 0
"788" 0 1 0.00375142876043107 -1.91015707966699 0 3 0.0726226774046354 1.40797305157906 0
"789" 0 0 0.00094892515830973 -5.92488273692853 0 0 0.0726226774046354 2.32235045200165 0
"790" 1 0 0.0726226774046354 -2.49704361816339 0 2 0.0726226774046354 2.6459124485512 1
"791" 1 1 0.00779775213681683 -2.67948678612745 0 1 0.0726226774046354 -0.933426632462491 0
"792" 0 0 0.00691684637547707 -3.77935453337846 0 1 0.0726226774046354 1.6863879942648 0
"793" 0 0 0.0244156480214645 -2.10735874776971 0 2 0.0726226774046354 2.70500569965045 0
"794" 0 1 0.0169512657941489 -2.65733975200805 0 4 0.0726226774046354 1.35227045601418 0
"795" 0 1 0.0726226774046354 -2.01040991030939 0 2 0.0726226774046354 1.39358960041016 1
"796" 0 0 0.0726226774046354 -3.08190832378111 0 2 0.0726226774046354 1.44176287457764 1
"797" 0 0 0.0726226774046354 -2.46800733224517 0 4 0.0726226774046354 -0.0856029095558579 1
"798" 0 0 0.0481918212980011 -1.09690594408661 0 2 0.0726226774046354 0.101940644363292 0
"799" 0 0 0.0276079037147383 -2.93255063202898 0 3 0.0726226774046354 1.86751244313607 0
"800" 1 1 0.0031777980212054 -2.20871513730835 0 7 0.0726226774046354 0.018153584393057 0
"801" 0 1 0.0231582372770195 -3.62672768763138 0 1 0.0726226774046354 1.93475642785118 0
"802" 0 1 0.0480483362517204 -4.48580109420456 0 6 0.0726226774046354 0.294726438027833 0
"803" 0 1 0.0394409321915992 -3.17353637621246 0 3 0.0726226774046354 0.506128093795766 0
"804" 0 1 0.0726226774046354 -2.12211777063354 0 1 0.0726226774046354 0.482534376315343 1
"805" 1 0 0.0726226774046354 -3.16721654929934 0 3 0.0726226774046354 0.553036952519923 1
"806" 0 1 0.00665681353332234 -1.22412715722594 1 5 0.0726226774046354 -0.118613246882337 0
"807" 0 1 0.0648777121141222 -3.35044302966157 0 0 0.0726226774046354 0.539791783344797 0
"808" 1 1 0.0726226774046354 -3.1488621522082 0 2 0.0726226774046354 -0.213266973462039 1
"809" 0 1 0.000124630917850439 -2.92850368965447 1 3 0.0726226774046354 1.12693299262529 0
"810" 1 1 0.0567131943704762 -0.761108941580111 0 7 0.0726226774046354 2.02636758331499 0
"811" 1 0 0.0289520712594269 -2.80152915508328 0 4 0.0726226774046354 0.431104160832754 0
"812" 1 0 0.0726226774046354 -2.96474652494055 0 3 0.0726226774046354 2.92809150321167 1
"813" 0 0 0.052643566167455 -2.14391561200125 0 7 0.0726226774046354 1.01231086530118 0
"814" 1 0 0.0453728001150058 -2.31991770664078 0 3 0.0726226774046354 0.961366029781901 0
"815" 0 1 0.00422448647193484 -2.51066762489052 0 4 0.0726226774046354 2.73768810192175 0
"816" 0 0 0.00730324579931453 -3.89808215398828 0 4 0.0726226774046354 1.33213472262025 0
"817" 1 1 0.0424199823184818 -2.2443629493449 0 4 0.0726226774046354 2.27509254137932 0
"818" 0 0 0.0229079003186616 -4.18543131878872 0 6 0.0726226774046354 2.1214012994933 0
"819" 1 0 0.044094560745357 -3.33626528770154 0 3 0.0726226774046354 1.09225690787353 0
"820" 0 0 0.00518559360254513 -2.52026500195466 0 2 0.0726226774046354 1.6143871978758 0
"821" 1 1 0.00544705954605739 -2.29878665509677 0 2 0.0726226774046354 0.209789098609447 0
"822" 0 0 0.0281108686416393 -1.36806034319985 0 2 0.0726226774046354 -0.308325308473841 0
"823" 0 0 0.0333575610983703 -2.62044382197561 0 2 0.0726226774046354 0.723883093909053 0
"824" 1 0 0.0120284612051767 -1.72523041974563 0 2 0.0726226774046354 1.90448996073948 0
"825" 1 1 0.0726226774046354 -2.91577912583428 0 4 0.0726226774046354 0.364589718269585 1
"826" 1 1 0.0726226774046354 -2.70142147142874 0 3 0.0726226774046354 1.47605996953596 1
"827" 0 1 0.0113158209547066 -2.23199774397717 0 5 0.0726226774046354 1.60631527704507 0
"828" 0 1 0.0405209425259344 -3.34176180158554 0 4 0.0726226774046354 0.82302417970837 0
"829" 0 1 0.0388545601613095 -1.73715524874353 0 1 0.0726226774046354 0.931538127046706 0
"830" 1 0 0.0282567729591049 -1.26781883814507 0 1 0.0726226774046354 0.99416266195319 0
"831" 0 1 0.0726226774046354 -1.1090731057561 0 2 0.0726226774046354 3.01052843544963 1
"832" 0 1 0.0726226774046354 -2.05627384215422 0 4 0.0726226774046354 2.49902968359078 1
"833" 1 0 0.00933352291348575 -2.06813709058058 0 4 0.0726226774046354 1.12029157035431 0
"834" 1 1 0.0567685730642703 -1.09572998996189 0 2 0.0726226774046354 1.30807479040406 0
"835" 0 1 0.0726226774046354 -3.27102790878601 0 2 0.0726226774046354 1.31228520407333 1
"836" 0 1 0.0526155109219497 -3.44144743610717 0 2 0.0726226774046354 -0.434761909300124 0
"837" 0 0 0.00903207266070725 -5.93022472542802 0 0 0.0726226774046354 0.408660850120012 0
"838" 0 0 0.0388967652329032 -3.50126238352991 0 11 0.0726226774046354 1.68447441475579 0
"839" 0 1 0.0102147679814036 -2.02363489695911 0 3 0.0726226774046354 0.73559954121546 0
"840" 0 1 0.0621112809437607 -1.29763230053861 0 3 0.0726226774046354 1.19058925754703 0
"841" 1 0 0.0726226774046354 -1.27699865690995 0 2 0.0726226774046354 0.278466411316926 1
"842" 1 0 0.00566070980825592 -2.72090348993764 0 5 0.0726226774046354 0.890179538307677 0
"843" 1 0 0.0726226774046354 -1.67034455450045 0 2 0.0726226774046354 1.51284236003737 1
"844" 0 0 0.0241147899805178 -2.8309091521306 0 2 0.0726226774046354 0.477520256726997 0
"845" 0 0 0.000395427488978573 -2.58161985056536 0 1 0.0726226774046354 0.714793804361281 0
"846" 1 1 0.0506488459558831 -5.27465639485154 0 2 0.0726226774046354 0.354427680191145 0
"847" 1 0 0.0726226774046354 -3.40494921150436 0 3 0.0726226774046354 2.39884121482842 1
"848" 0 1 0.0726226774046354 -1.60144906775012 0 3 0.0726226774046354 1.41390862965674 1
"849" 0 1 0.0164196674761893 -2.42185812616571 0 6 0.0726226774046354 0.0435081830794661 0
"850" 0 0 0.0726226774046354 -3.66927703202276 0 4 0.0726226774046354 0.201214419109808 1
"851" 1 1 0.00728126019466434 -3.67284078664121 0 5 0.0726226774046354 1.15824027844644 0
"852" 0 0 0.0458922070979781 -2.4310394057706 0 1 0.0726226774046354 1.63031408637451 0
"853" 0 0 0.0182054623879772 -2.52918216268583 0 4 0.0726226774046354 -0.127419822811375 0
"854" 0 1 0.055415550383325 -3.69602031065305 0 1 0.0726226774046354 0.33612398277402 0
"855" 0 1 0.0191247312952041 -2.91548205858169 0 3 0.0726226774046354 0.709595121062775 0
"856" 1 0 0.0190932425089881 -2.20680533181784 0 2 0.0726226774046354 0.00787392055260605 0
"857" 1 0 0.0100431609041763 -4.81496558785296 0 4 0.0726226774046354 -0.652884683192734 0
"858" 0 0 0.0181772882779502 -2.95886025138825 0 4 0.0726226774046354 0.0440512979330879 0
"859" 0 1 0.0195079028857646 -2.57057087607636 0 4 0.0726226774046354 2.9902507388611 0
"860" 0 0 0.0130156925427502 -3.27772396093107 0 2 0.0726226774046354 0.366388312723406 0
"861" 1 0 0.0726226774046354 -1.98663791399682 0 2 0.0726226774046354 3.00465190692862 1
"862" 0 0 0.0619164411562646 -4.6839075107816 0 1 0.0726226774046354 -0.804003088503388 0
"863" 0 0 0.0232333299913562 -1.53799293468973 0 4 0.0726226774046354 -0.252143173107444 0
"864" 1 0 0.0726226774046354 -2.60803590366507 1 4 0.0726226774046354 1.14907034579319 1
"865" 1 1 0.0166455411981301 -2.40200645765494 0 4 0.0726226774046354 0.809058285081351 0
"866" 0 0 0.0334754468677189 -3.06109521265979 0 3 0.0726226774046354 2.37494437325689 0
"867" 0 1 0.0726226774046354 -2.73270646089055 0 1 0.0726226774046354 1.27034514091471 1
"868" 1 1 0.0726226774046354 -2.35867592664129 0 3 0.0726226774046354 1.21908454858629 1
"869" 0 1 0.0726226774046354 -3.91103939935066 0 2 0.0726226774046354 1.27692808000312 1
"870" 0 0 0.0599653491517797 -3.14039117431688 0 6 0.0726226774046354 0.56932665310431 0
"871" 1 1 0.0199114892984595 -2.78453242266867 0 2 0.0726226774046354 1.49999328286241 0
"872" 1 0 0.0726226774046354 -3.52174812923883 0 6 0.0726226774046354 2.87093911769456 1
"873" 0 1 0.0102054152664253 -5.6731586476298 0 2 0.0726226774046354 0.14687834125545 0
"874" 0 0 0.0726226774046354 -2.62258026130408 0 5 0.0726226774046354 0.164148915632965 1
"875" 1 1 0.0338907150263684 -0.812172581656658 0 4 0.0726226774046354 0.821693688321863 0
"876" 1 0 0.0359624925291183 -3.37824878052438 0 5 0.0726226774046354 1.4723090946103 0
"877" 1 0 0.0618721986649865 -2.97873718180965 0 3 0.0726226774046354 0.042023574628315 0
"878" 0 0 0.0142835106156896 -3.46056980803879 0 5 0.0726226774046354 -0.10681114520131 0
"879" 0 0 0.0492451820291975 -2.46687577755656 0 3 0.0726226774046354 -0.096912964244094 0
"880" 1 1 0.0423418184280798 -2.47826253433709 0 1 0.0726226774046354 1.28250720637493 0
"881" 0 1 0.00192950668950477 -1.74323896847489 0 1 0.0726226774046354 -0.324290821311465 0
"882" 1 0 0.0339796331011014 -2.73409479167032 0 2 0.0726226774046354 2.92265077152972 0
"883" 0 0 0.0726226774046354 -2.3494501648191 0 1 0.0726226774046354 1.41811328899426 1
"884" 1 0 0.0429900930073162 -1.30997799330621 0 6 0.0726226774046354 2.1065372809616 0
"885" 1 1 0.0726226774046354 -2.18998901574971 0 3 0.0726226774046354 2.21976232354259 1
"886" 0 0 0.0437679244345891 -3.6494218834004 0 1 0.0726226774046354 1.04652136333687 0
"887" 0 1 0.0726226774046354 -1.19105633292918 0 3 0.0726226774046354 1.28367042102923 1
"888" 1 1 0.000140029369756207 -3.82013501664571 0 3 0.0726226774046354 0.813838926057502 0
"889" 1 1 0.0726226774046354 -2.00737826456574 0 2 0.0726226774046354 -0.263057669814815 1
"890" 1 0 0.0168707024324536 -2.4462534719983 0 2 0.0726226774046354 0.76504035727792 0
"891" 1 0 0.0397044858858752 -4.39701473071692 0 5 0.0726226774046354 1.53527351075146 0
"892" 1 1 0.0393749256679019 -2.50255372907989 0 4 0.0726226774046354 1.727706317696 0
"893" 0 0 0.0365518987449185 -3.63444146791409 0 2 0.0726226774046354 0.551937576150919 0
"894" 0 0 0.010116667458178 -2.17810625164259 0 3 0.0726226774046354 1.27491098959684 0
"895" 0 0 0.0624681330089798 -3.92884432950194 0 6 0.0726226774046354 -1.46958992589488 0
"896" 0 1 0.0140981752062915 -3.44729458723934 0 3 0.0726226774046354 1.7594314066494 0
"897" 0 0 0.0309602785496078 -2.99689367303586 0 3 0.0726226774046354 0.278966057054073 0
"898" 0 0 0.0726226774046354 -0.255276419064853 0 4 0.0726226774046354 0.683894593951892 1
"899" 1 1 0.0648928315594042 -2.00024238818599 0 1 0.0726226774046354 2.14232257047029 0
"900" 0 1 0.032428030847245 -2.87291090166115 0 3 0.0726226774046354 1.50555645993074 0
"901" 0 1 0.0268149095539939 -2.88052774243824 0 1 0.0726226774046354 -0.282635843872822 0
"902" 0 0 0.0726226774046354 -3.85817735919515 0 3 0.0726226774046354 1.56358220659111 1
"903" 0 0 0.0310127736445784 -5.48876044929162 0 1 0.0726226774046354 -0.0296164234916207 0
"904" 1 1 0.0405149641212067 -1.47738725628881 0 0 0.0726226774046354 2.0369454867193 0
"905" 1 0 0.0332685329947412 -2.1058115989299 0 1 0.0726226774046354 0.884038706506252 0
"906" 1 0 0.0136168673967564 -4.35971337906682 0 3 0.0726226774046354 0.175227820464367 0
"907" 0 0 0.024636264420641 -4.35726732885914 0 2 0.0726226774046354 -0.775926390865827 0
"908" 1 0 0.015519901893126 -3.14337905565333 0 4 0.0726226774046354 -0.405879911499468 0
"909" 0 1 0.0152418820578736 -3.35499018244309 0 6 0.0726226774046354 2.9419123957191 0
"910" 0 1 0.0439293729933785 -1.60817948517305 0 6 0.0726226774046354 1.30059991544092 0
"911" 1 0 0.0726226774046354 -3.32744448958945 0 3 0.0726226774046354 0.903149821084467 1
"912" 0 0 0.0255349181190262 -3.0362417153607 0 1 0.0726226774046354 2.98683608460214 0
"913" 0 0 0.0522690010134019 -5.05303621173924 0 1 0.0726226774046354 1.45427571281508 0
"914" 0 1 0.0726226774046354 -3.58405413014809 0 1 0.0726226774046354 1.79066004416012 1
"915" 1 0 0.0574550148845971 -1.96850180278697 0 4 0.0726226774046354 1.27433895992421 0
"916" 0 0 0.00129259805598498 -3.52721962774507 0 1 0.0726226774046354 -0.668018374109611 0
"917" 0 0 0.00849794016906934 -2.40097870799381 0 5 0.0726226774046354 0.0807115046434095 0
"918" 0 0 0.0410763719836194 -2.75484822221282 0 3 0.0726226774046354 0.397233540795224 0
"919" 0 1 0.0302647009105852 -3.02313658905833 0 4 0.0726226774046354 -0.328616257393511 0
"920" 0 0 0.0169543620400122 -3.97960997453043 0 3 0.0726226774046354 1.83431354124094 0
"921" 1 0 0.0302166082367897 -3.43900797137509 0 2 0.0726226774046354 1.05595210932022 0
"922" 0 0 0.0321072909607453 -2.99223726965512 0 3 0.0726226774046354 0.963113311758123 0
"923" 0 1 0.0407762867554974 -4.10157036056068 0 7 0.0726226774046354 1.50592566256223 0
"924" 1 0 0.0526780420198824 -2.5599413567833 0 6 0.0726226774046354 1.49410187040278 0
"925" 0 1 0.0173801109731903 -5.50521837527096 0 4 0.0726226774046354 -0.236312675272914 0
"926" 0 0 0.0208451746119711 -3.3684351881341 0 7 0.0726226774046354 1.28664448134261 0
"927" 0 0 0.0171489682881471 -4.0158330288444 0 0 0.0726226774046354 0.546788178037269 0
"928" 1 1 0.0539558592307219 -2.55989141563682 0 0 0.0726226774046354 1.27054787895809 0
"929" 0 1 0.00553383480167704 -3.90298291242904 0 4 0.0726226774046354 0.807133954973423 0
"930" 1 0 0.0197696644273383 -2.60041655841934 0 3 0.0726226774046354 1.87406582324349 0
"931" 0 1 0.0474421843523631 -3.34577883965599 0 1 0.0726226774046354 2.3387884387227 0
"932" 1 0 0.0405546993738473 -2.04627556137604 0 3 0.0726226774046354 -0.539307780863221 0
"933" 0 1 0.046683065664579 -4.8600178062278 0 1 0.0726226774046354 -0.492066195541457 0
"934" 1 1 0.0193632459822744 -2.27307199808292 0 3 0.0726226774046354 3.36730871465504 0
"935" 1 0 0.0115430439061655 -1.79325781619756 1 2 0.0726226774046354 1.50504532866172 0
"936" 1 0 0.0150196531431958 -2.63481702270914 0 3 0.0726226774046354 0.063960691367618 0
"937" 0 0 0.0456578164014717 -3.54435550731792 0 3 0.0726226774046354 0.423125860830321 0
"938" 1 1 0.0437275547147032 -3.93427238668353 0 11 0.0726226774046354 1.81857500042581 0
"939" 0 0 0.0726226774046354 -2.92625248285289 1 4 0.0726226774046354 1.41282381612318 1
"940" 1 0 0.0363261166127605 -3.58147372475996 0 2 0.0726226774046354 -0.724680033451785 0
"941" 1 0 0.0200041437924256 -2.44635234448971 0 3 0.0726226774046354 -0.55363757729736 0
"942" 1 0 0.0260959436258477 -3.76129541580017 0 2 0.0726226774046354 0.226495857248113 0
"943" 0 1 0.00648087599061405 -3.20155170461738 0 3 0.0726226774046354 1.57988859000865 0
"944" 0 0 0.0726226774046354 -3.51975133921124 0 2 0.0726226774046354 3.68565205397068 1
"945" 1 1 0.0726226774046354 -1.71920459913941 0 3 0.0726226774046354 0.808583634189209 1
"946" 1 1 0.0726226774046354 -0.290569074791962 0 0 0.0726226774046354 1.77014754179344 1
"947" 0 0 0.0098445053331555 -3.31159704113562 0 3 0.0726226774046354 1.20107165624176 0
"948" 1 1 0.070890121166442 -2.84134107717598 0 2 0.0726226774046354 0.42163518310175 0
"949" 0 1 0.0149576962585327 -4.181682111741 0 1 0.0726226774046354 3.03806157012038 0
"950" 0 1 0.023514093993335 -0.270570349871145 0 2 0.0726226774046354 0.0697425969552559 0
"951" 1 0 0.00206431599072529 -4.39516935065022 0 5 0.0726226774046354 0.46176757738724 0
"952" 1 0 0.0681109256150274 -4.96469850618351 0 5 0.0726226774046354 0.385531271944699 0
"953" 1 1 0.0641332704734842 -3.43136970985283 0 1 0.0726226774046354 0.263654744751083 0
"954" 1 0 0.0486714874120025 -2.9414802808216 0 3 0.0726226774046354 0.0275125820715698 0
"955" 1 0 0.0726226774046354 -3.34966781827973 0 3 0.0726226774046354 -0.743495434093238 1
"956" 1 1 0.0726226774046354 -3.8993535450675 0 3 0.0726226774046354 1.7004565622935 1
"957" 1 1 0.0389172169514565 -1.20733264239754 0 3 0.0726226774046354 1.04645091516261 0
"958" 0 0 0.0726226774046354 -2.7227755614402 0 4 0.0726226774046354 -0.390814451815761 1
"959" 0 1 0.0114648300739623 -0.984677988555109 0 2 0.0726226774046354 2.80229485032546 0
"960" 1 0 0.0726226774046354 -2.76977188845748 0 2 0.0726226774046354 -0.326236619861911 1
"961" 0 0 0.0529756318029327 -3.69853195587562 0 5 0.0726226774046354 -0.728756959780773 0
"962" 0 0 0.0509497908459817 -2.77655867014547 0 4 0.0726226774046354 0.738671473815854 0
"963" 1 1 0.0372997598438151 -4.77905277954157 0 5 0.0726226774046354 0.920220434093508 0
"964" 1 0 0.000903040512601762 -3.60303655923753 1 4 0.0726226774046354 1.12573095429184 0
"965" 0 0 0.0285383489777789 -4.56222958305557 0 6 0.0726226774046354 2.20621068470677 0
"966" 1 1 0.0341678842468125 -2.13370228570532 0 2 0.0726226774046354 1.34080987268801 0
"967" 0 0 0.0726226774046354 -2.4512044195386 0 5 0.0726226774046354 1.48325708242361 1
"968" 1 0 0.00384202981182656 -2.718007973192 0 3 0.0726226774046354 3.551621262047 0
"969" 0 0 0.00157214859205034 -2.27569072329555 0 3 0.0726226774046354 1.72610491036799 0
"970" 1 0 0.0171428815291768 -1.13198491908213 0 4 0.0726226774046354 -0.0248889061405766 0
"971" 1 1 0.0320495858297063 -0.910610030224734 0 3 0.0726226774046354 1.86731461262074 0
"972" 0 1 0.0252263699438592 -5.19770578033298 0 3 0.0726226774046354 0.699567490009525 0
"973" 0 0 0.0569713337094322 -2.00920506235109 0 1 0.0726226774046354 1.32994200451537 0
"974" 1 0 0.0719364806835747 -2.9266682084 0 1 0.0726226774046354 -0.332308201124649 0
"975" 0 0 0.0262896457531472 -4.28400585219921 0 2 0.0726226774046354 -1.52739895708207 0
"976" 1 0 0.0423072093752378 -2.43888142586481 0 3 0.0726226774046354 -0.297983865459239 0
"977" 0 1 0.00682157530667429 -5.051140032843 0 4 0.0726226774046354 2.29594315546726 0
"978" 1 0 0.0726226774046354 -3.94236641329263 0 4 0.0726226774046354 1.77753958092939 1
"979" 0 1 0.015579353145542 -3.49664499482832 0 1 0.0726226774046354 2.03402832750589 0
"980" 0 0 0.056042608603611 -3.0949657268436 0 2 0.0726226774046354 0.278485144565313 0
"981" 1 0 0.0406118084284579 -1.99774119191734 0 8 0.0726226774046354 1.98383759881725 0
"982" 1 1 0.0511200051217497 -3.54994311608274 0 6 0.0726226774046354 1.6232423185401 0
"983" 0 0 0.00223843126494532 -3.94194944510835 0 6 0.0726226774046354 -0.393825844221379 0
"984" 0 0 0.0726226774046354 -3.74424019714084 0 1 0.0726226774046354 1.10591710528526 1
"985" 1 1 0.0685700363656414 -1.5767836683194 0 2 0.0726226774046354 2.41143049949118 0
"986" 1 1 0.0726226774046354 -3.31833804782971 0 0 0.0726226774046354 1.42766687497323 1
"987" 0 0 0.0538579441856589 -3.32760898109003 0 4 0.0726226774046354 0.480952268595847 0
"988" 0 1 0.0726226774046354 -2.64891761817431 0 0 0.0726226774046354 1.5149609269302 1
"989" 0 1 0.0182660005429154 -2.72075874106741 0 5 0.0726226774046354 -0.0160937920448976 0
"990" 1 1 0.0337551522746436 -2.16897010299421 0 5 0.0726226774046354 0.550486592287317 0
"991" 0 0 0.0726226774046354 -3.09180189875143 1 3 0.0726226774046354 1.2424011854127 1
"992" 0 1 0.0726226774046354 -3.80070851794722 0 3 0.0726226774046354 0.568728394332692 1
"993" 0 0 0.00314314760897571 -1.31058836772499 0 2 0.0726226774046354 1.47304383743843 0
"994" 1 0 0.00103001940935968 -3.03790817256477 0 6 0.0726226774046354 0.70599919627678 0
"995" 0 0 0.0563199370498855 -4.02747067220508 0 5 0.0726226774046354 1.6477783189342 0
"996" 1 0 0.0423419513336479 -3.1290927754302 0 4 0.0726226774046354 -0.185091561495148 0
"997" 0 0 0.0726226774046354 -2.10505280335573 0 2 0.0726226774046354 2.03872815621255 1
"998" 0 0 0.0726226774046354 -4.64529072691566 0 2 0.0726226774046354 -0.397943604554312 1
"999" 0 0 0.00930151121964834 -3.30675730060427 0 4 0.0726226774046354 1.20085057428185 0
"1000" 1 1 0.0418028772549502 -2.05732250790738 0 4 0.0726226774046354 0.398303952294051 0
