"A" "M_bin" "Ycen_noint" "Y_cont_noint" "Y_bin_noint" "Y_count_noint" "cen" "C" "delta"
"1" 0 0 0.0390860974977823 -2.20829355921602 0 4 0.0518777049156222 -0.446287455030639 0
"2" 0 1 0.0518777049156222 -3.15858806051491 0 0 0.0518777049156222 1.31585576177329 1
"3" 0 1 0.0518777049156222 -1.77763413920012 0 2 0.0518777049156222 0.657252486084335 1
"4" 0 0 0.00154701772247454 -2.46961935306361 0 3 0.0518777049156222 -0.931353099435726 0
"5" 0 1 0.0297563432694309 -4.13484284948975 0 4 0.0518777049156222 1.2428210042642 0
"6" 0 0 0.0162659348009771 -4.28057326976474 0 5 0.0518777049156222 0.637232051171049 0
"7" 1 1 0.0518777049156222 -3.37962415629128 0 2 0.0518777049156222 3.43272890031743 1
"8" 0 0 0.0279828900329562 -4.96735621629378 0 4 0.0518777049156222 1.59209119077248 0
"9" 0 0 0.0313331444090456 -3.44407227211511 0 2 0.0518777049156222 0.423799231772482 0
"10" 0 0 0.0259697046648071 -2.40294657152388 0 5 0.0518777049156222 1.40662824016858 0
"11" 1 1 0.0518777049156222 -5.36733295664707 0 1 0.0518777049156222 0.95474536550878 1
"12" 1 1 0.00550089449930269 -3.75741068535573 0 2 0.0518777049156222 1.4409000245021 0
"13" 0 0 0.0518777049156222 -3.47089575792666 0 3 0.0518777049156222 3.23537620196202 1
"14" 0 1 0.0518777049156222 -4.20108642374248 0 5 0.0518777049156222 0.413845156021868 1
"15" 1 1 0.014762611280764 -1.77445139309851 0 2 0.0518777049156222 1.59936024931904 0
"16" 1 0 0.0197440348016834 -2.65081113466904 0 1 0.0518777049156222 2.27423314654812 0
"17" 0 1 0.0354127253332292 -4.29884548446148 0 4 0.0518777049156222 0.0882288457980679 0
"18" 0 1 0.0349319001287187 -1.46491736636042 0 3 0.0518777049156222 -0.375459056648902 0
"19" 0 1 0.0348936779231224 -1.95044330300456 0 2 0.0518777049156222 0.71227313661124 0
"20" 1 1 0.0157893233989546 -1.85503179450353 0 3 0.0518777049156222 1.08148341060439 0
"21" 0 1 0.0111882604538162 -3.01732169288175 0 4 0.0518777049156222 1.33789531393896 0
"22" 1 0 0.050800498328122 -2.75420622054586 0 4 0.0518777049156222 1.56613753891865 0
"23" 0 1 0.0518777049156222 -3.21320583168826 0 1 0.0518777049156222 0.0657770656473022 1
"24" 1 0 0.027013203430679 -3.78148523068835 0 1 0.0518777049156222 2.72676981387394 0
"25" 0 1 0.0465608172648866 -1.99220309961738 0 1 0.0518777049156222 2.58831492647447 0
"26" 0 1 0.00218015868544653 -3.493569010891 0 2 0.0518777049156222 -0.0374466078584299 0
"27" 1 1 0.0518777049156222 -1.34808092646752 0 0 0.0518777049156222 1.36950741973645 1
"28" 1 1 0.0228570813923881 -4.40421707274379 0 1 0.0518777049156222 1.4386581200856 0
"29" 0 0 0.0518777049156222 -4.63600592983719 0 1 0.0518777049156222 0.122003957578962 1
"30" 0 1 0.0264572945489809 -1.49663921536883 0 3 0.0518777049156222 1.76091762834491 0
"31" 0 1 0.0518777049156222 -2.82514416193814 0 4 0.0518777049156222 1.06428198453721 1
"32" 1 1 0.0225787924001684 -3.51548234409701 0 3 0.0518777049156222 3.29847904217297 0
"33" 0 1 0.0198549679961583 -2.06059998061256 0 5 0.0518777049156222 -0.299977981067041 0
"34" 1 1 0.0518777049156222 -2.85142883350334 0 3 0.0518777049156222 -0.0796372313229423 1
"35" 1 1 0.0452862944078127 -2.79369142999959 0 5 0.0518777049156222 2.48832346555083 0
"36" 1 0 0.00910554446555394 -4.25635360380078 0 1 0.0518777049156222 0.769236367942921 0
"37" 0 0 0.0142400090651021 -1.56242188719342 0 1 0.0518777049156222 1.66507385069932 0
"38" 1 1 0.0163253858290907 -1.81554901632019 0 2 0.0518777049156222 -0.160317087247323 0
"39" 1 0 0.0472161326085759 -3.52201896918603 0 1 0.0518777049156222 2.08154085631275 0
"40" 0 0 0.0501552178462788 -2.73577077296223 0 3 0.0518777049156222 1.42421189585585 0
"41" 0 0 0.0352040133167067 -3.72918459493127 0 1 0.0518777049156222 1.77605632604214 0
"42" 1 0 0.0518777049156222 -2.3087411750515 0 1 0.0518777049156222 0.277211282052588 1
"43" 1 0 0.028892377707371 -3.48436411938926 0 5 0.0518777049156222 1.50907541044418 0
"44" 1 1 0.00642533423541098 -3.24946160071231 0 5 0.0518777049156222 1.1546149746384 0
"45" 1 0 0.0159422012131734 -3.94706137381416 0 4 0.0518777049156222 1.30924723934512 0
"46" 0 1 0.0165744494987603 -2.64884391945502 0 3 0.0518777049156222 1.31651369303221 0
"47" 1 1 0.0518777049156222 -1.7215587899892 0 4 0.0518777049156222 1.70767989596264 1
"48" 1 1 0.00227593590398609 -3.91272471839606 0 3 0.0518777049156222 0.537564674215062 0
"49" 0 1 0.0328372588737952 -3.14605627818358 0 3 0.0518777049156222 2.69830274705661 0
"50" 0 1 0.0261928462595857 -3.46858984586216 0 3 0.0518777049156222 0.138014438627116 0
"51" 0 1 0.0124611264058067 -2.44709690500538 0 2 0.0518777049156222 -0.051829643650058 0
"52" 0 0 0.0142561892805222 -4.5583170075009 1 2 0.0518777049156222 1.5315186188611 0
"53" 0 1 0.0323630270203677 -4.15187363426836 0 7 0.0518777049156222 1.07728399345509 0
"54" 0 0 0.0518777049156222 -3.90603239119634 0 2 0.0518777049156222 -0.024841087793726 1
"55" 0 0 0.00742353098864028 -1.8065650902244 0 2 0.0518777049156222 1.14415928902883 0
"56" 0 0 0.0518777049156222 -3.7088003132278 0 0 0.0518777049156222 0.77910376983582 1
"57" 0 1 0.0518777049156222 -3.29742472561004 0 3 0.0518777049156222 0.0226685044773638 1
"58" 0 0 0.00114761847286757 -2.35683386173611 0 2 0.0518777049156222 1.33528023102327 0
"59" 0 1 0.0366552142091546 -2.8013701160701 0 3 0.0518777049156222 2.58736662168407 0
"60" 0 1 0.0319398630722876 -2.7490797056263 0 3 0.0518777049156222 2.26982587399556 0
"61" 0 0 0.0518777049156222 -1.60152888628973 0 1 0.0518777049156222 3.88733301028683 1
"62" 1 0 0.0193778841914053 -3.05551094951139 0 1 0.0518777049156222 1.68323891416978 0
"63" 1 0 0.00403293787139483 -2.7060722817753 0 4 0.0518777049156222 0.323023912485212 0
"64" 1 1 0.0448280137822181 -3.61967237790218 0 4 0.0518777049156222 0.836129566753771 0
"65" 0 1 0.00717915733397378 -3.67629185184411 0 1 0.0518777049156222 1.70961161253956 0
"66" 0 0 0.00295969915725779 -3.2160009110515 0 1 0.0518777049156222 -0.0536691385134165 0
"67" 0 1 0.0518777049156222 -2.17363611582889 0 1 0.0518777049156222 0.0437714979720714 1
"68" 0 1 0.0128516822602145 -2.95102378025491 0 7 0.0518777049156222 0.0548126257842334 0
"69" 0 1 0.0272238805164576 -2.51360691540313 0 0 0.0518777049156222 1.22478844734534 0
"70" 1 1 0.0266229222569607 -2.12393977403755 0 4 0.0518777049156222 1.35945517437962 0
"71" 0 0 0.042681128032037 -2.81343165617491 0 3 0.0518777049156222 0.336289575319682 0
"72" 0 1 0.0518777049156222 -4.22892038957278 0 2 0.0518777049156222 0.873491819639398 1
"73" 0 1 0.049749516687645 -3.21469013280111 0 3 0.0518777049156222 2.64237424330845 0
"74" 1 0 0.0518777049156222 -2.51642118522523 0 4 0.0518777049156222 0.492901518488119 1
"75" 1 1 0.0108967408574057 -2.13243545320024 0 3 0.0518777049156222 0.481512955661477 0
"76" 1 1 0.021675680588944 -4.0491496759277 0 2 0.0518777049156222 2.34365300461022 0
"77" 1 0 0.011830619827356 -3.57384863982354 0 5 0.0518777049156222 1.08748701597367 0
"78" 1 1 0.0518777049156222 -3.5013455910732 0 4 0.0518777049156222 1.53767273698554 1
"79" 1 1 0.0518777049156222 -1.59835975071254 0 1 0.0518777049156222 2.49218637618764 1
"80" 0 1 0.0175696123854054 -3.3250506463274 0 4 0.0518777049156222 1.87679268705494 0
"81" 0 1 0.0518777049156222 -2.39911583249676 0 2 0.0518777049156222 1.49588523790585 1
"82" 0 0 0.0518777049156222 -5.1478180799069 0 3 0.0518777049156222 0.752646080080984 1
"83" 1 1 0.0518777049156222 -3.83740125977017 0 3 0.0518777049156222 0.271222391324561 1
"84" 1 0 0.0518777049156222 -2.85817932232839 0 4 0.0518777049156222 1.87419356303528 1
"85" 0 0 0.0283959808088381 -1.92231603278303 0 5 0.0518777049156222 0.239396960341776 0
"86" 0 1 0.0147910952411339 -0.133010790214114 0 5 0.0518777049156222 1.40291953906706 0
"87" 1 1 0.0470793511375855 -3.73710082050342 0 3 0.0518777049156222 0.468258019266691 0
"88" 0 0 0.0316198126007864 -4.01634387218449 0 4 0.0518777049156222 1.00001193348443 0
"89" 0 0 0.0235764603108346 -2.57242936080886 0 8 0.0518777049156222 1.81817838149496 0
"90" 1 0 0.0127630312463965 -2.12505837623549 0 5 0.0518777049156222 1.26911921014517 0
"91" 1 1 0.0416171115898438 -4.14028742962498 0 5 0.0518777049156222 0.61199885821329 0
"92" 0 1 0.0494258936277476 -3.78370606098494 0 4 0.0518777049156222 0.675241490345427 0
"93" 0 0 0.025178597884303 -1.97746232552624 0 2 0.0518777049156222 2.68000872905028 0
"94" 0 0 0.0142436789585471 -1.2785355492978 0 1 0.0518777049156222 -1.88073555840663 0
"95" 1 0 0.0163970770818186 -0.957643748794127 0 3 0.0518777049156222 1.62213811106563 0
"96" 0 0 0.0310199710119594 -4.62111918629706 0 5 0.0518777049156222 -1.20355233220161 0
"97" 0 1 0.0514462344251534 -3.04440350538262 0 2 0.0518777049156222 0.72730822966925 0
"98" 0 0 0.0208242712163554 -4.23770562958272 0 4 0.0518777049156222 0.0778804609507657 0
"99" 0 0 0.041390569281482 -2.67309688384584 0 1 0.0518777049156222 0.693717330256457 0
"100" 1 1 0.0118083407660285 -3.59716541384945 0 2 0.0518777049156222 3.5365592399809 0
"101" 0 0 0.00863989628993066 -3.12701207863609 0 2 0.0518777049156222 2.93423813758807 0
"102" 0 0 0.00875758548881337 -3.11844782886295 0 4 0.0518777049156222 0.987416363849494 0
"103" 0 0 0.0518777049156222 -2.93046278625511 0 3 0.0518777049156222 -0.251885096515366 1
"104" 0 0 0.0313931538137402 -3.71391002622505 0 3 0.0518777049156222 1.7747961628784 0
"105" 0 0 0.0165492526457677 -3.23984161549411 0 3 0.0518777049156222 1.80388996324477 0
"106" 1 0 0.0518777049156222 -3.3418595150938 0 2 0.0518777049156222 -0.498762352458844 1
"107" 1 0 0.0180895511422988 -2.08457357914541 0 4 0.0518777049156222 1.58585549099404 0
"108" 1 1 0.0510170219919013 -2.8226513902629 0 2 0.0518777049156222 0.15934353762024 0
"109" 0 0 0.0518777049156222 -1.63332439757678 0 4 0.0518777049156222 0.226015654187769 1
"110" 0 0 0.0464015637836509 -4.21259878784441 0 0 0.0518777049156222 -0.208550889299986 0
"111" 1 0 0.0177237400341616 -2.53725665292622 0 2 0.0518777049156222 1.01882438161088 0
"112" 1 1 0.0518777049156222 -4.54169990069606 1 6 0.0518777049156222 -0.367332205428756 1
"113" 0 0 0.0518777049156222 -2.0747340995177 0 5 0.0518777049156222 -0.990108921940399 1
"114" 0 0 0.0106871779411803 -4.12181061596036 0 5 0.0518777049156222 -1.15619513188658 0
"115" 1 0 0.0345835612419556 -4.30275177588179 0 1 0.0518777049156222 1.0671755801302 0
"116" 0 1 0.00528905501139372 -4.74943708308466 0 3 0.0518777049156222 1.86025354811202 0
"117" 1 0 0.0090939732696708 -2.08264624880203 0 6 0.0518777049156222 0.216711596133912 0
"118" 1 0 0.0319152139844429 -2.81615707964856 0 3 0.0518777049156222 0.443819529971849 0
"119" 0 0 0.0304486071959984 -2.9180311942513 0 7 0.0518777049156222 1.70695072140494 0
"120" 1 1 0.0184540047840151 -3.01469735587758 0 3 0.0518777049156222 1.19156791373341 0
"121" 0 1 0.0122377059338446 -3.00748834335478 0 3 0.0518777049156222 2.63967806039717 0
"122" 0 0 0.00556940036616644 -1.59596819124842 0 1 0.0518777049156222 0.824463018708466 0
"123" 0 1 0.0518777049156222 -2.8455293776321 0 3 0.0518777049156222 0.637531901844281 1
"124" 0 1 0.0240468241620119 -3.43078700767658 0 5 0.0518777049156222 3.16158204330965 0
"125" 0 0 0.0289124990321899 -1.9449266960971 0 1 0.0518777049156222 0.869927146168225 0
"126" 0 0 0.0518777049156222 -3.48173688929112 0 5 0.0518777049156222 -0.312971091418823 1
"127" 1 1 0.0198596877363533 -2.47759600008367 0 3 0.0518777049156222 1.65975718670579 0
"128" 1 1 0.0170920915805587 -1.24941312656726 1 2 0.0518777049156222 1.09180321405245 0
"129" 0 1 0.0356249786146965 -3.06362635590644 0 2 0.0518777049156222 1.4480723027599 0
"130" 0 0 0.038074731488991 -2.35029238563947 0 4 0.0518777049156222 1.54408358961439 0
"131" 0 1 0.0265372840209029 -3.33442974801425 0 3 0.0518777049156222 2.62077741312665 0
"132" 1 1 0.0188330947666582 -2.10760838007421 0 1 0.0518777049156222 2.32129102724655 0
"133" 1 0 0.0371500872442443 -2.67701170685531 0 7 0.0518777049156222 0.902158275910034 0
"134" 0 0 0.0173278379007557 -1.816948909441 0 0 0.0518777049156222 1.38423353876926 0
"135" 0 1 0.0518777049156222 -4.32672223239046 0 3 0.0518777049156222 1.77504187525403 1
"136" 0 0 0.0471274501904697 -3.32024510075015 0 2 0.0518777049156222 1.40644812926924 0
"137" 0 1 0.0478808678548174 -4.0672876655148 0 0 0.0518777049156222 0.973216866115521 0
"138" 0 0 0.0518777049156222 -2.01772070798587 0 2 0.0518777049156222 2.34105965354093 1
"139" 0 1 0.017836786266028 -1.64508807266556 0 4 0.0518777049156222 1.74490926583549 0
"140" 1 1 0.00884454489903227 -2.47334851280551 0 1 0.0518777049156222 0.553331114290079 0
"141" 1 1 0.0322559165711215 -4.1950630737946 0 3 0.0518777049156222 0.263169653812784 0
"142" 0 0 0.0327676503744526 -2.56059286657707 0 4 0.0518777049156222 0.149426590646566 0
"143" 0 0 0.0518777049156222 -4.91837617447746 0 1 0.0518777049156222 -0.340074108196151 1
"144" 1 0 0.0265629626894432 -3.37318515384049 0 5 0.0518777049156222 1.65827785258889 0
"145" 0 0 0.019113604914414 -2.52520711372852 0 5 0.0518777049156222 0.643645063627914 0
"146" 1 1 0.0266593915129963 -3.7879205723003 0 5 0.0518777049156222 1.04944173637386 0
"147" 1 1 0.0297948092779691 -2.97231594247359 0 2 0.0518777049156222 -0.0853411417150445 0
"148" 0 1 0.0165020513138488 -2.83405979751274 0 4 0.0518777049156222 1.03665284975471 0
"149" 0 0 0.0194517037912905 -3.27941950278024 0 5 0.0518777049156222 -1.62360197868805 0
"150" 0 1 0.0294297222175233 -3.77582976274778 0 2 0.0518777049156222 -1.14731284787526 0
"151" 0 1 0.0518777049156222 -2.80774808387291 0 1 0.0518777049156222 2.09248362628828 1
"152" 1 0 0.0254093253633345 -2.73011912472587 1 2 0.0518777049156222 -0.684342326005423 0
"153" 0 0 0.0160036338751273 -1.58377120507645 0 3 0.0518777049156222 0.49355458231845 0
"154" 0 0 0.0518777049156222 -5.13661791402351 0 2 0.0518777049156222 -0.290001554768802 1
"155" 1 1 0.0163787460261653 -2.80532416743662 0 4 0.0518777049156222 0.339638302991746 0
"156" 1 1 0.0518777049156222 -2.1831352448115 0 1 0.0518777049156222 1.11115643968093 1
"157" 1 1 0.0193287010676084 -3.29538309949942 0 4 0.0518777049156222 2.68818175565717 0
"158" 1 1 0.0518777049156222 -3.00553870733238 0 2 0.0518777049156222 2.44194949317356 1
"159" 0 0 0.050351207428571 -3.2688955834119 0 3 0.0518777049156222 1.20781568651841 0
"160" 1 1 0.0518777049156222 -2.39865559626871 0 3 0.0518777049156222 0.464630632032737 1
"161" 1 1 0.00116466773792878 -3.75228983490954 0 6 0.0518777049156222 1.25220396628038 0
"162" 0 0 0.0235552646353968 -2.02288003827431 0 2 0.0518777049156222 0.0315036942675353 0
"163" 0 1 0.0175328844987936 -2.6107038264526 0 1 0.0518777049156222 1.05195200212973 0
"164" 0 0 0.0037478400666108 -1.83320320620796 0 4 0.0518777049156222 2.27258297611879 0
"165" 0 0 0.0220184303508769 -2.52191259342861 0 2 0.0518777049156222 0.53244108863217 0
"166" 0 0 0.0518777049156222 -3.48578619972674 0 4 0.0518777049156222 0.464074637533596 1
"167" 0 1 0.0257034238363784 -3.43736171489166 0 3 0.0518777049156222 1.83152185743598 0
"168" 1 1 0.0386922159471398 -3.55148845281608 0 3 0.0518777049156222 1.35501918333876 0
"169" 1 1 0.0410318085615466 -2.05731589244307 0 3 0.0518777049156222 1.45203896668906 0
"170" 1 0 0.0439131527237121 -2.15066673489927 0 1 0.0518777049156222 1.87951337762274 0
"171" 0 1 0.0247046886369 -2.27733587642826 0 3 0.0518777049156222 0.891598793188946 0
"172" 0 0 0.046975461558715 -2.6598466532234 0 6 0.0518777049156222 -1.43812101154228 0
"173" 0 1 0.0498732038388569 -3.37655731824304 0 5 0.0518777049156222 1.73551489809107 0
"174" 1 0 0.00657593537503047 -3.45825098902715 0 4 0.0518777049156222 -0.468443019480772 0
"175" 1 1 0.0413502850199943 -2.91110583314044 0 2 0.0518777049156222 1.37719494310449 0
"176" 0 1 0.0415635419150452 -2.84555131305724 0 4 0.0518777049156222 1.66456538417196 0
"177" 1 1 0.0189812538327499 -1.92391809903252 0 2 0.0518777049156222 0.944935502426351 0
"178" 1 1 0.00984555540108337 -3.84257828085049 0 3 0.0518777049156222 1.16962061559179 0
"179" 0 1 0.00782435672567708 -1.88046236518646 0 6 0.0518777049156222 2.19910884290301 0
"180" 1 1 0.0187134973350948 -3.06992307211587 0 2 0.0518777049156222 1.82960764538587 0
"181" 0 1 0.019066524128159 -4.82584060026402 0 1 0.0518777049156222 2.29993164222625 0
"182" 1 0 0.0138038380522714 -3.62351276852885 0 1 0.0518777049156222 -0.280878580780751 0
"183" 1 0 0.0464164836781488 -2.36334264901177 0 9 0.0518777049156222 0.0644005564654495 0
"184" 1 1 0.029064096545099 -0.371962566614433 0 3 0.0518777049156222 1.36737766457065 0
"185" 0 0 0.0226137513534626 -2.09775966853962 0 2 0.0518777049156222 0.989692368938871 0
"186" 0 1 0.0105054649745215 -2.67175130534866 0 3 0.0518777049156222 0.409786003739024 0
"187" 0 1 0.0258234313198969 -4.20174661982259 0 2 0.0518777049156222 1.92521813917168 0
"188" 0 0 0.0226703029327383 -2.76186023269006 0 2 0.0518777049156222 0.906005686619258 0
"189" 0 0 0.0465081184889352 -1.77246644375685 0 4 0.0518777049156222 1.97894834754809 0
"190" 1 0 0.0278159221913722 -3.46608606314075 0 0 0.0518777049156222 0.101322482734669 0
"191" 1 1 0.0380844967615517 -2.07833363131916 0 5 0.0518777049156222 1.23730642261368 0
"192" 0 0 0.0518777049156222 -2.48245398949065 0 1 0.0518777049156222 0.292101907358998 1
"193" 0 1 0.00463253652611147 -3.67846716221293 0 3 0.0518777049156222 -0.30499744077998 0
"194" 1 1 0.0302763555281603 -0.966680186570249 0 5 0.0518777049156222 1.82737670462134 0
"195" 1 0 0.0292936804534337 -3.08308492837504 0 2 0.0518777049156222 1.58214390987106 0
"196" 0 1 0.022511496781568 -2.32608535261849 0 3 0.0518777049156222 -0.357305858200426 0
"197" 0 1 0.0219243772643184 -3.18940621352479 0 2 0.0518777049156222 1.31886754723121 0
"198" 0 0 0.0199539773853895 -3.62476535217849 0 1 0.0518777049156222 0.737257907836111 0
"199" 0 0 0.00276317871781096 -1.58912990004358 0 2 0.0518777049156222 -0.184009370008407 0
"200" 1 1 0.0518777049156222 -2.72465828632661 0 2 0.0518777049156222 1.18725270319228 1
"201" 0 0 0.0508495786792341 -2.04020319996912 0 4 0.0518777049156222 1.50714218123247 0
"202" 1 0 0.00717692876052088 -1.94645560280613 0 5 0.0518777049156222 1.05567986853354 0
"203" 1 1 0.01647137024685 -2.29457932690813 0 2 0.0518777049156222 2.37968516606831 0
"204" 1 1 0.036799631575325 -2.51976997042017 0 5 0.0518777049156222 1.89061546646119 0
"205" 0 0 0.0518777049156222 -2.89006076539067 0 3 0.0518777049156222 -0.477299932168281 1
"206" 1 1 0.0268009696585032 -2.76709929477752 0 2 0.0518777049156222 3.00907700785086 0
"207" 1 1 0.0130097220467504 -3.05845992004374 0 1 0.0518777049156222 1.90517439127773 0
"208" 1 1 0.0262294954601911 -3.59054704229387 0 4 0.0518777049156222 1.62971657988873 0
"209" 0 1 0.0406510703608359 -4.73010274160075 0 2 0.0518777049156222 2.28058689176964 0
"210" 0 0 0.0421432677577235 -2.99328480862461 0 4 0.0518777049156222 -0.39641750957002 0
"211" 0 0 0.0086486161287984 -2.8830296999305 0 0 0.0518777049156222 1.07787831598942 0
"212" 1 1 0.0229366633847612 -2.36826243802224 0 2 0.0518777049156222 -0.727442891029016 0
"213" 0 1 0.0218113764575777 -2.35298953307678 0 3 0.0518777049156222 1.77140498390348 0
"214" 0 1 0.0374354652412919 -2.48793147929626 0 4 0.0518777049156222 1.156374667683 0
"215" 0 1 0.0518777049156222 -3.00779263053028 1 5 0.0518777049156222 0.487621136481614 1
"216" 1 0 0.00528868825472479 -2.38165696269278 0 3 0.0518777049156222 1.25985225694846 0
"217" 1 0 0.031293968846843 -4.90247829662728 0 4 0.0518777049156222 2.2016580026661 0
"218" 1 1 0.0518777049156222 -3.45850366248918 0 2 0.0518777049156222 1.43537104418225 1
"219" 0 0 0.0387313070923652 -3.40638288367363 0 5 0.0518777049156222 1.32379546496462 0
"220" 0 1 0.0228338058626795 -3.69655695003797 0 4 0.0518777049156222 2.1124682540694 0
"221" 0 1 0.0160206176826087 -3.34117509542372 0 6 0.0518777049156222 3.38753602117916 0
"222" 0 0 0.026609580356692 -1.67537478804433 0 2 0.0518777049156222 1.7382869833849 0
"223" 1 0 0.0122126121684096 -4.21850227552238 0 5 0.0518777049156222 0.0991357028059831 0
"224" 1 0 0.0487129447658246 -2.45366830600712 0 1 0.0518777049156222 1.75794078720755 0
"225" 0 1 0.0518777049156222 -3.74377383284048 0 4 0.0518777049156222 2.30725727134318 1
"226" 1 1 0.0490490373522138 -2.19881129172792 0 0 0.0518777049156222 1.44686349111302 0
"227" 0 0 0.0140999481866722 -1.95936169803203 0 6 0.0518777049156222 0.148770553012495 0
"228" 0 0 0.00464705781902293 -3.68740206002126 0 4 0.0518777049156222 -0.04794725953093 0
"229" 0 1 0.012030719453055 -1.91328395091412 0 3 0.0518777049156222 1.00399375667994 0
"230" 0 0 0.00723818031348641 -1.97980214244892 0 3 0.0518777049156222 -0.419584216094098 0
"231" 0 0 0.0350356547895437 -0.710657544067676 0 3 0.0518777049156222 1.49549206185612 0
"232" 0 0 0.0454477908284822 -2.73146989323984 0 3 0.0518777049156222 1.9642948452808 0
"233" 1 1 0.000567137813105084 0.100326429577481 0 2 0.0518777049156222 1.5147351254057 0
"234" 1 0 0.0518777049156222 -3.40778211425899 0 3 0.0518777049156222 -0.110709969750667 1
"235" 0 1 0.0413945130201854 -2.88087858590486 0 1 0.0518777049156222 0.707532664000804 0
"236" 0 1 0.0196091802371109 -3.55632416014207 0 4 0.0518777049156222 2.92401988146109 0
"237" 0 0 0.0518777049156222 -1.23938695887707 1 0 0.0518777049156222 -1.36071369886527 1
"238" 1 1 0.0256156134167902 -2.55738392996882 0 2 0.0518777049156222 0.574560259657369 0
"239" 1 1 0.0518777049156222 -1.74765567398309 0 1 0.0518777049156222 0.800187136664395 1
"240" 1 0 0.0518777049156222 -2.78761043526301 0 2 0.0518777049156222 2.08127715780212 1
"241" 0 0 0.0383497481508581 -4.32810534367785 0 4 0.0518777049156222 0.419149753274829 0
"242" 1 1 0.00496191134615476 -4.07057571585291 0 3 0.0518777049156222 0.788260760967181 0
"243" 1 1 0.00974051875394906 -2.90741688701383 0 4 0.0518777049156222 0.587642290263106 0
"244" 1 0 0.0357584503045509 -2.99690046422854 0 3 0.0518777049156222 1.39546279739038 0
"245" 0 0 0.0153107861256837 -4.46452605164723 0 2 0.0518777049156222 -0.337176668866409 0
"246" 1 0 0.0518777049156222 -3.11414654436672 0 4 0.0518777049156222 3.31131788765912 1
"247" 1 0 0.0168959174332504 -2.69586737691816 0 5 0.0518777049156222 0.649508971486585 0
"248" 0 1 0.0411652609120589 -3.66088974486941 0 4 0.0518777049156222 0.678896676194559 0
"249" 0 1 0.0326829734379374 -1.99468067303274 0 1 0.0518777049156222 0.571038407663931 0
"250" 0 0 0.0518777049156222 -2.3747292325399 0 4 0.0518777049156222 0.770388739976069 1
"251" 0 1 0.0227459526519641 -2.78796262876189 0 5 0.0518777049156222 0.944081984341095 0
"252" 1 0 0.0136641060455764 -2.08558657412285 0 1 0.0518777049156222 0.627954559118881 0
"253" 0 0 0.0409000570678365 -3.51494090899323 0 4 0.0518777049156222 1.47429996960377 0
"254" 0 1 0.0472492747514919 -1.69425350815808 0 6 0.0518777049156222 0.938295367448319 0
"255" 1 0 0.0452617018150972 -1.03538194982596 0 4 0.0518777049156222 -1.1276890675566 0
"256" 1 1 0.0518777049156222 -3.39796017220905 0 4 0.0518777049156222 -0.0022370580776534 1
"257" 0 0 0.0416321757603231 -0.940299513021484 0 2 0.0518777049156222 0.482195483561851 0
"258" 0 1 0.0518777049156222 -2.45930893064807 0 1 0.0518777049156222 3.21020974720753 1
"259" 1 0 0.00677227684053671 -2.46844151899143 0 3 0.0518777049156222 1.32498443654835 0
"260" 1 1 0.0518777049156222 -2.95056468207106 0 2 0.0518777049156222 -0.276808861464502 1
"261" 0 1 0.0216012493332887 -2.67902831454165 0 3 0.0518777049156222 3.07862633226923 0
"262" 1 0 0.0518777049156222 -3.73494364975368 0 3 0.0518777049156222 1.55091884622343 1
"263" 0 0 0.00988749978614454 -2.12705095101496 0 4 0.0518777049156222 3.01048046843714 0
"264" 1 0 0.000548008278191748 -4.33350410906147 0 4 0.0518777049156222 0.712424098477068 0
"265" 1 0 0.0514749142324866 -2.47910402232312 0 0 0.0518777049156222 1.48150576479089 0
"266" 1 0 0.0518777049156222 -3.74515303186963 0 3 0.0518777049156222 -0.378522511344509 1
"267" 0 0 0.0198955183029391 -3.62517974218142 0 1 0.0518777049156222 1.92291053749804 0
"268" 0 0 0.029573596370134 -1.77615974516962 0 3 0.0518777049156222 0.18030918158299 0
"269" 1 1 0.0518777049156222 -2.545713905173 0 0 0.0518777049156222 0.350560134671356 1
"270" 1 1 0.0450386006912366 -4.10979621410174 0 2 0.0518777049156222 2.48910437536459 0
"271" 1 0 0.0117719942699505 -2.22195232522251 0 6 0.0518777049156222 0.0587851559432484 0
"272" 1 0 0.0518777049156222 -3.41832914201166 0 4 0.0518777049156222 -0.174004945402223 1
"273" 0 0 0.0518777049156222 -3.7390314416043 0 2 0.0518777049156222 1.79311193192375 1
"274" 0 0 0.0231115772541701 -3.85229236487375 0 0 0.0518777049156222 0.20391651768378 0
"275" 1 1 0.0241681213677206 -2.70374191751454 0 6 0.0518777049156222 1.98944781384063 0
"276" 1 0 0.0459472707790115 -3.30652097169233 0 2 0.0518777049156222 3.10720293663235 0
"277" 0 0 0.0416773637893387 -3.36299054763556 0 3 0.0518777049156222 2.82730701095087 0
"278" 0 1 0.0467200782340327 -3.16349306117388 0 4 0.0518777049156222 1.39277789676474 0
"279" 1 1 0.0405558978412052 -2.63721259630285 1 2 0.0518777049156222 0.904344478765662 0
"280" 0 1 0.0134449430812439 -2.21485560599585 0 2 0.0518777049156222 1.74032816059999 0
"281" 0 1 0.0518777049156222 -5.84010624566607 0 4 0.0518777049156222 2.13531064025272 1
"282" 0 1 0.0451008046556987 -4.40148277072716 0 1 0.0518777049156222 1.79343351480763 0
"283" 0 0 0.0133005687918356 -3.12925789762974 0 3 0.0518777049156222 1.75687731031835 0
"284" 0 0 0.0518777049156222 -3.82736439846635 0 4 0.0518777049156222 0.686825176255998 1
"285" 0 1 0.040321154056898 -2.84938364785601 0 8 0.0518777049156222 -1.49278859509861 0
"286" 1 0 0.00741558409730526 -3.35442332408772 0 4 0.0518777049156222 0.92494740345287 0
"287" 1 1 0.00375553895703331 -3.28197479664531 0 1 0.0518777049156222 0.07268304598311 0
"288" 1 1 0.0472356099828034 -3.18953659164975 0 0 0.0518777049156222 2.23482119102825 0
"289" 0 0 0.0096928126935716 -2.1559403637039 0 1 0.0518777049156222 1.18331357642188 0
"290" 0 1 0.0518777049156222 -2.91484420738322 0 3 0.0518777049156222 1.83836598805971 1
"291" 0 1 0.0283163289127447 -2.25033894051682 0 5 0.0518777049156222 1.67062856420808 0
"292" 1 0 0.0141430985899798 -2.45686434602932 0 1 0.0518777049156222 -0.364060462964412 0
"293" 0 1 0.0420383123235657 -2.51019438296508 0 2 0.0518777049156222 1.66527341112018 0
"294" 1 1 0.01700116340735 -2.60851268057582 0 2 0.0518777049156222 1.72622262963152 0
"295" 0 0 0.0212747483113302 -4.85039041286213 0 1 0.0518777049156222 1.29374249209711 0
"296" 0 0 0.0518777049156222 -3.04945699787932 0 5 0.0518777049156222 0.0652210681521336 1
"297" 1 1 0.00656071133465328 -2.90102232180118 0 2 0.0518777049156222 2.2484769605738 0
"298" 1 1 0.0337802166283823 -3.07415710540828 0 5 0.0518777049156222 -0.689706357441836 0
"299" 0 1 0.0169520790159011 -3.08096792076247 0 5 0.0518777049156222 2.48237729124752 0
"300" 0 0 0.0518777049156222 -2.20821587144103 0 5 0.0518777049156222 2.0912432707122 1
"301" 1 0 0.00961480764513383 -2.36135558132996 0 6 0.0518777049156222 0.684481950998324 0
"302" 1 0 0.00723099957366135 -2.82902867642452 0 3 0.0518777049156222 2.87071838905989 0
"303" 1 1 0.0469491867993429 -3.2267193437288 0 0 0.0518777049156222 1.27678785918821 0
"304" 1 1 0.0370951081599815 -3.3034729756055 0 4 0.0518777049156222 0.367696555582872 0
"305" 0 0 0.0237954391834892 -3.78289171383556 0 4 0.0518777049156222 1.91838753516473 0
"306" 1 0 0.00514466997921477 -4.98993786660801 0 6 0.0518777049156222 1.21063428243218 0
"307" 0 1 0.0137955274698325 -3.50895112158876 0 2 0.0518777049156222 -0.914291401142478 0
"308" 1 0 0.0326057665934257 -3.606902349839 0 4 0.0518777049156222 0.707820047611173 0
"309" 0 0 0.0121250162335251 -2.85276340854603 0 4 0.0518777049156222 -0.63636865770915 0
"310" 1 1 0.0230370085905612 -2.79685350213499 0 3 0.0518777049156222 0.388804637111358 0
"311" 0 0 0.0518777049156222 -1.67397498995618 0 1 0.0518777049156222 0.546547150266844 1
"312" 1 1 0.0283080591343009 -3.48122982858449 0 4 0.0518777049156222 2.35751658980536 0
"313" 0 0 0.0518777049156222 -2.42366108070241 0 4 0.0518777049156222 -0.473080813967577 1
"314" 0 0 0.0215785330837889 -3.16059846094137 0 1 0.0518777049156222 1.10291768871515 0
"315" 0 1 0.00261459516003183 -3.39427595181573 0 3 0.0518777049156222 1.19819367100896 0
"316" 1 1 0.0265837938372284 -1.7943413074694 1 1 0.0518777049156222 0.560397462381946 0
"317" 1 0 0.020830156303039 -3.461862647687 0 5 0.0518777049156222 0.255757366419082 0
"318" 1 0 0.029124057597708 -1.35446380924109 0 1 0.0518777049156222 1.74190764374384 0
"319" 0 0 0.0224778666918618 -3.73125197342289 0 3 0.0518777049156222 1.47523696387143 0
"320" 1 1 0.0415722629475769 -2.14406190231956 0 5 0.0518777049156222 1.24325624625191 0
"321" 0 1 0.0304619880963243 -4.90887000603762 0 5 0.0518777049156222 1.26475620148305 0
"322" 0 0 0.00481024360010753 -4.19491033638457 0 3 0.0518777049156222 2.64334853337131 0
"323" 0 1 0.0518777049156222 -3.6035509404992 0 2 0.0518777049156222 1.98701157600548 1
"324" 1 0 0.0518777049156222 -4.66943676853294 0 1 0.0518777049156222 0.653094413633427 1
"325" 0 1 0.0518777049156222 -0.717665963840486 0 5 0.0518777049156222 0.852034051314472 1
"326" 1 1 0.0284622211262217 -3.05922628803903 0 1 0.0518777049156222 0.725789246703853 0
"327" 1 1 0.0227748757567635 -4.27264661906684 1 4 0.0518777049156222 2.23240127953478 0
"328" 0 1 0.0111135589450258 -4.88388412391461 0 2 0.0518777049156222 0.592506541844108 0
"329" 0 1 0.0212988825880836 -3.0700818333444 0 2 0.0518777049156222 -0.0916352011477932 0
"330" 1 1 0.0518777049156222 -2.26698132353428 0 4 0.0518777049156222 1.5857255896106 1
"331" 0 0 0.0518777049156222 -3.13086553531298 0 2 0.0518777049156222 1.97111724765181 1
"332" 0 0 0.0518777049156222 -3.29060060997764 0 3 0.0518777049156222 1.68372320903433 1
"333" 0 1 0.0458958859277986 -0.753794543419598 0 4 0.0518777049156222 2.04553733079749 0
"334" 0 1 0.024692298679533 -3.37644248295516 0 3 0.0518777049156222 1.16433896308014 0
"335" 0 0 0.00974977926816858 -3.91172825534243 0 3 0.0518777049156222 -0.737320580619973 0
"336" 0 1 0.0276838164019112 -2.45302545092305 0 4 0.0518777049156222 1.35953273643189 0
"337" 0 1 0.0391500345056405 -2.58398669653549 0 2 0.0518777049156222 2.10408108961471 0
"338" 0 0 0.0362271645276657 -2.51463238510866 0 1 0.0518777049156222 1.71508385481362 0
"339" 1 1 0.0518777049156222 -3.42209372046879 0 7 0.0518777049156222 0.317105622330026 1
"340" 1 1 0.0366815392884152 -2.40737387512205 0 2 0.0518777049156222 1.79207584104188 0
"341" 1 0 0.0339891538458452 -3.64552397256165 0 3 0.0518777049156222 2.32257298873392 0
"342" 0 0 0.0518777049156222 -3.25806889777866 0 1 0.0518777049156222 3.00552203123622 1
"343" 0 1 0.0518777049156222 -2.6921260578822 0 2 0.0518777049156222 2.28551164464687 1
"344" 0 1 0.0518777049156222 -2.51227618144015 0 2 0.0518777049156222 1.11705742495129 1
"345" 0 0 0.0518777049156222 -1.62204642126509 0 0 0.0518777049156222 1.93496583119178 1
"346" 0 1 0.00461104663119497 -0.896381401282734 0 3 0.0518777049156222 2.33301584467702 0
"347" 1 1 0.00184192574701683 -3.3712097330934 0 0 0.0518777049156222 1.98153414220493 0
"348" 1 1 0.0138106998710921 -3.50079429732701 0 3 0.0518777049156222 1.65615116358211 0
"349" 0 1 0.0384985171195747 -3.90314203178873 1 1 0.0518777049156222 2.00695897297731 0
"350" 1 0 0.0133216762090108 -3.03504152859312 0 3 0.0518777049156222 -0.610829737144049 0
"351" 0 0 0.0491608403898217 -3.80974369065821 0 2 0.0518777049156222 0.744106689269024 0
"352" 0 1 0.00575892224487686 -2.24707178621954 0 4 0.0518777049156222 2.90817532604796 0
"353" 1 0 0.0136214171362826 -3.46929923555256 0 2 0.0518777049156222 1.70154994958827 0
"354" 0 1 0.0110720418108183 -3.59916211726809 0 4 0.0518777049156222 0.314304763099696 0
"355" 0 1 0.0469374468622897 -3.29257770024741 0 2 0.0518777049156222 0.662372412826945 0
"356" 0 0 0.0518777049156222 -3.33277927384856 0 5 0.0518777049156222 -0.0213916299765169 1
"357" 1 0 0.0411979793389923 -1.13572275573368 0 5 0.0518777049156222 2.65062874384231 0
"358" 0 0 0.0518777049156222 -2.18786842854313 0 3 0.0518777049156222 -0.751896850451178 1
"359" 1 1 0.0518777049156222 -1.87953067677058 0 4 0.0518777049156222 2.8034927560555 1
"360" 0 1 0.0506677870381869 -2.93918080986718 0 3 0.0518777049156222 -0.397658765058739 0
"361" 0 0 0.02601178950616 -3.09998898892779 0 2 0.0518777049156222 2.52467924796176 0
"362" 0 1 0.000811097187128523 -2.35999100877982 0 2 0.0518777049156222 3.24495764844355 0
"363" 1 0 0.0251928277315027 -1.60101686373885 0 1 0.0518777049156222 1.4497268031019 0
"364" 0 1 0.0499418695549105 -3.20731339851885 0 2 0.0518777049156222 1.14811403044176 0
"365" 0 1 0.0350327775939757 -2.23654748476066 0 4 0.0518777049156222 0.692523696381697 0
"366" 1 1 0.0218365898183498 -2.69968426497152 0 3 0.0518777049156222 2.37581351748527 0
"367" 0 1 0.00606129960306275 -2.24920336650676 0 3 0.0518777049156222 2.55228217047824 0
"368" 0 1 0.0518777049156222 -2.72143053545751 0 6 0.0518777049156222 0.958319481036965 1
"369" 1 0 0.0518777049156222 -3.67847770250552 0 2 0.0518777049156222 0.0010365807099233 1
"370" 1 1 0.0518777049156222 -2.32865971986833 0 2 0.0518777049156222 2.17391919096048 1
"371" 1 0 0.0195075246690754 -4.92125181581829 0 2 0.0518777049156222 1.12937942228726 0
"372" 0 0 0.0110540252903673 -2.78132911036381 0 3 0.0518777049156222 0.919500461823283 0
"373" 0 1 0.0240356426028257 -2.82657039142992 0 0 0.0518777049156222 1.24499355582778 0
"374" 0 0 0.029628372914589 -2.90629024310034 0 5 0.0518777049156222 0.532724352524591 0
"375" 0 1 0.0163158498852151 -3.29303284034896 0 5 0.0518777049156222 1.04977373620624 0
"376" 0 0 0.0518777049156222 -1.91660991640488 0 1 0.0518777049156222 4.09224985278403 1
"377" 0 1 0.0518777049156222 -3.74525168413658 0 2 0.0518777049156222 2.00178522577454 1
"378" 0 0 0.0414259523492995 -2.71978083250363 0 3 0.0518777049156222 0.534260520386922 0
"379" 0 0 0.0518777049156222 -3.70048446700496 0 0 0.0518777049156222 1.50074806715032 1
"380" 1 0 0.0224661277130854 -3.65118529717869 0 3 0.0518777049156222 -0.133949704838996 0
"381" 0 0 0.00944225669747224 -1.9836216625898 0 5 0.0518777049156222 -0.297198244681585 0
"382" 0 1 0.0445255153903403 -3.01530632402815 0 1 0.0518777049156222 0.108538588005835 0
"383" 0 0 0.0518777049156222 -2.66129163386606 0 3 0.0518777049156222 0.342432271820198 1
"384" 0 0 0.00750196451207685 -3.58869272233986 0 3 0.0518777049156222 0.731557421156596 0
"385" 1 1 0.0235033493217798 -2.91376585403191 0 7 0.0518777049156222 -0.829474920113202 0
"386" 0 0 0.0280252200293183 -3.46365151530722 0 3 0.0518777049156222 1.22838024280066 0
"387" 0 0 0.0143462566569096 -1.10628671189392 0 3 0.0518777049156222 1.69952972415047 0
"388" 0 1 0.0518777049156222 -2.52991538534163 0 1 0.0518777049156222 2.28668631096084 1
"389" 1 1 0.0518777049156222 -3.71004159737091 0 5 0.0518777049156222 -0.357606101154114 1
"390" 1 1 0.0518777049156222 -3.27719379933858 0 7 0.0518777049156222 1.06648138376513 1
"391" 0 1 0.0413453542146791 -3.92524892876391 0 3 0.0518777049156222 1.5621559944907 0
"392" 0 1 0.0448996741393388 -4.1573532290416 0 2 0.0518777049156222 1.18039907289981 0
"393" 1 1 0.0103769162988904 -4.66165981014623 0 3 0.0518777049156222 -0.884210240505736 0
"394" 0 1 0.0518777049156222 -4.33627218256937 1 3 0.0518777049156222 3.34265853041893 1
"395" 0 1 0.0161667127177237 -3.26757593445226 0 5 0.0518777049156222 1.81237770109891 0
"396" 0 0 0.0424813737091065 -4.68296572625898 0 1 0.0518777049156222 0.964865723398849 0
"397" 0 0 0.0518777049156222 -3.98324914135198 0 4 0.0518777049156222 0.113130803608103 1
"398" 0 1 0.0152832554364293 -4.1969344716736 0 8 0.0518777049156222 1.46902319646598 0
"399" 1 1 0.00368422700797281 -0.628460867823239 0 5 0.0518777049156222 2.70087403350642 0
"400" 0 1 0.0518777049156222 -2.51921247856209 0 3 0.0518777049156222 2.67128661959526 1
"401" 0 1 0.0518777049156222 -1.79451236569979 0 1 0.0518777049156222 1.17749925660654 1
"402" 0 0 0.0100346321083206 -1.7074378778064 0 4 0.0518777049156222 0.496274579316512 0
"403" 0 1 0.034042558503904 -0.635074454350605 0 4 0.0518777049156222 1.10503104077397 0
"404" 0 1 0.0321669445084943 -3.66445859238564 0 2 0.0518777049156222 -0.17915367076978 0
"405" 1 1 0.0518777049156222 -3.79994477496852 0 2 0.0518777049156222 1.83689751873077 1
"406" 0 1 0.00578262588727444 -3.09178458988873 0 3 0.0518777049156222 1.26117619656455 0
"407" 1 0 0.0518777049156222 -4.01340600871075 0 2 0.0518777049156222 0.0190918338327117 1
"408" 1 1 0.0339094742751323 -4.01073662445654 0 4 0.0518777049156222 3.23267628899915 0
"409" 1 1 0.00606238560932796 -3.50461259197921 0 3 0.0518777049156222 0.414803356383974 0
"410" 0 0 0.0472719467426406 -3.94528154951974 0 3 0.0518777049156222 0.0935079301494031 0
"411" 0 0 0.0240699388370148 -4.34563540134376 0 7 0.0518777049156222 0.103564058439784 0
"412" 1 1 0.0158387439957075 -3.27979135162865 0 0 0.0518777049156222 0.471080472308126 0
"413" 0 1 0.0518777049156222 -1.49452234562611 0 3 0.0518777049156222 1.25919424365333 1
"414" 1 0 0.0321065988778123 -4.8533446134491 0 2 0.0518777049156222 0.779690774573678 0
"415" 0 1 0.0365800711089792 -5.3143645212368 0 2 0.0518777049156222 2.54042252449227 0
"416" 1 1 0.0204406738597819 -3.90553834338254 0 6 0.0518777049156222 -0.24524964769156 0
"417" 0 1 0.0330293560603317 -3.17395411170427 0 6 0.0518777049156222 2.25356205655171 0
"418" 1 1 0.0296487421664295 -3.29147577003078 0 0 0.0518777049156222 0.756670676970377 0
"419" 1 1 0.0293237703302697 -3.62337683990456 0 2 0.0518777049156222 0.377259697854139 0
"420" 1 1 0.025696197291168 -4.42946683046594 0 3 0.0518777049156222 -0.0141699367381976 0
"421" 1 1 0.0261968699211567 -3.05471741748123 0 2 0.0518777049156222 0.948084915696996 0
"422" 0 1 0.0518777049156222 -2.50310704249607 0 3 0.0518777049156222 0.102288952341695 1
"423" 1 0 0.0518777049156222 -4.64053945126221 0 3 0.0518777049156222 0.0691262005561173 1
"424" 1 0 0.0210858740614555 -0.684265640178176 1 4 0.0518777049156222 2.25176589221544 0
"425" 0 0 0.00993409372508302 -5.37148582184372 0 1 0.0518777049156222 2.79996338971737 0
"426" 0 0 0.0149810576405686 -2.23654540342463 0 6 0.0518777049156222 0.371595695503918 0
"427" 0 1 0.0518777049156222 -1.40729488403985 0 3 0.0518777049156222 0.808711877029446 1
"428" 1 0 0.0279430075121737 -3.01521517068846 0 3 0.0518777049156222 -0.242808719089512 0
"429" 0 1 0.0140852839207256 -2.87000610954283 1 6 0.0518777049156222 0.806272860965999 0
"430" 0 0 0.0307958898047634 -2.7005493796827 0 5 0.0518777049156222 1.42947735070246 0
"431" 1 1 0.0212463419658324 -4.16392839329071 0 4 0.0518777049156222 1.14342872598813 0
"432" 0 1 0.0518777049156222 -1.76447620687381 0 3 0.0518777049156222 0.745054733335887 1
"433" 0 0 0.0518777049156222 -3.29113962744454 0 4 0.0518777049156222 0.279486166883434 1
"434" 0 0 0.0164501527980737 -2.83484558707504 1 3 0.0518777049156222 1.14550836174136 0
"435" 0 1 0.0518777049156222 -3.51652698245899 0 4 0.0518777049156222 -0.928317707487871 1
"436" 1 0 0.0470102786228682 -2.39660039138701 0 5 0.0518777049156222 0.213531212482886 0
"437" 1 1 0.0320653903059097 -2.84831751522967 0 0 0.0518777049156222 1.79021355471568 0
"438" 1 0 0.0518777049156222 -1.96988561870587 0 3 0.0518777049156222 0.254996666323436 1
"439" 0 1 0.0149229194027061 -3.50195478252312 0 3 0.0518777049156222 -1.50261159936799 0
"440" 1 0 0.0183247798559467 -2.89653199828559 0 2 0.0518777049156222 -0.5604590523748 0
"441" 0 1 0.00295984895972548 -1.55223890963698 0 4 0.0518777049156222 2.52687963418945 0
"442" 0 1 0.0210070197699704 -2.62188747186642 1 1 0.0518777049156222 2.86588805472114 0
"443" 0 0 0.0504867123250884 -3.21820194311706 0 4 0.0518777049156222 -0.824446817272113 0
"444" 1 0 0.00311120236314956 -2.93964770878488 0 0 0.0518777049156222 1.56402444217151 0
"445" 0 0 0.0518777049156222 -3.12176735947009 0 2 0.0518777049156222 0.638382217201094 1
"446" 1 1 0.0224091179960323 -3.53685053117267 0 5 0.0518777049156222 0.41569204169037 0
"447" 0 1 0.0152036597358618 -4.26307619244292 0 4 0.0518777049156222 1.6090099208562 0
"448" 0 0 0.0518777049156222 -3.44093263609292 0 4 0.0518777049156222 1.52778982817477 1
"449" 1 1 0.0518777049156222 -0.722430971459628 0 1 0.0518777049156222 0.655116152618556 1
"450" 0 1 0.0518777049156222 -3.6989749572155 0 8 0.0518777049156222 0.325780751594507 1
"451" 0 1 0.0025210250591293 -2.49200389923912 0 3 0.0518777049156222 0.698551261273314 0
"452" 0 0 0.0361788430782007 -3.45157568866505 0 1 0.0518777049156222 0.432478150720239 0
"453" 1 1 0.035373020063493 -4.85271085635723 0 6 0.0518777049156222 -0.512801592646238 0
"454" 1 1 0.0238954252784409 -2.49637833102561 0 4 0.0518777049156222 2.18732203242639 0
"455" 0 1 0.0315880753990306 -0.560024777805118 0 2 0.0518777049156222 -0.27585562739646 0
"456" 1 1 0.0260869897919196 -4.52443437769509 0 5 0.0518777049156222 0.325074577758222 0
"457" 1 0 0.0431386469470997 -4.34976933965053 0 4 0.0518777049156222 0.57772139925333 0
"458" 1 0 0.0104045944853129 -2.57275596340995 0 6 0.0518777049156222 -0.25696561510566 0
"459" 0 0 0.0223761047753086 -3.01829414472379 0 5 0.0518777049156222 0.201121770478485 0
"460" 0 1 0.0183888984635628 -3.5003504247166 0 2 0.0518777049156222 2.13770326225865 0
"461" 1 1 0.0111605831064726 -1.60043626244042 0 3 0.0518777049156222 1.73652633101437 0
"462" 1 0 0.0152285530400924 -1.93388968550126 0 6 0.0518777049156222 2.58524166628373 0
"463" 1 1 0.0518777049156222 -1.99860071209885 0 2 0.0518777049156222 2.10283813365845 1
"464" 1 1 0.00736074292168433 -1.26300294546502 0 1 0.0518777049156222 0.0174082375279367 0
"465" 0 0 0.0452129422653539 -3.72472045628732 0 2 0.0518777049156222 1.83253012109788 0
"466" 1 0 0.0314881313300903 -3.49660310379213 0 7 0.0518777049156222 -0.5691685002019 0
"467" 0 1 0.00315010998603515 -2.98494225076289 0 1 0.0518777049156222 2.31768148756704 0
"468" 0 1 0.0518777049156222 -1.64666994670541 0 2 0.0518777049156222 2.53415065479019 1
"469" 0 0 0.0314631860546762 -3.53477074035327 0 3 0.0518777049156222 0.975867855719304 0
"470" 0 0 0.0129763498558945 -3.76353730106006 0 3 0.0518777049156222 0.390348130159229 0
"471" 0 1 0.013655177992726 -3.12762472260325 0 2 0.0518777049156222 1.1116360952331 0
"472" 0 1 0.0518777049156222 -4.2693150383847 0 4 0.0518777049156222 1.38268139398952 1
"473" 0 0 0.0137542608689892 -2.36154684372917 0 5 0.0518777049156222 0.0492803034072065 0
"474" 0 1 0.0180379982236338 -2.38629293049069 0 2 0.0518777049156222 2.28754673401765 0
"475" 1 1 0.035450123306081 -3.02451517232435 0 4 0.0518777049156222 1.8580569257251 0
"476" 1 0 0.013445204965222 -2.44651881585139 0 1 0.0518777049156222 1.98272536216028 0
"477" 1 0 0.0246947084495016 -3.87097639717185 0 2 0.0518777049156222 0.684630948427113 0
"478" 1 1 0.0202415597883294 -1.69607235917077 0 8 0.0518777049156222 1.03246129132574 0
"479" 0 1 0.0518777049156222 -3.2404988059704 0 2 0.0518777049156222 1.7910368052548 1
"480" 0 0 0.0518777049156222 -3.27242828405026 0 2 0.0518777049156222 1.33949663114232 1
"481" 0 1 0.0317967654434034 -3.35390742706867 0 3 0.0518777049156222 1.94460467703635 0
"482" 0 0 0.0253019584281686 -2.4294262423896 0 4 0.0518777049156222 1.56879275467749 0
"483" 1 0 0.00262477730240797 -1.91230431224045 0 5 0.0518777049156222 1.25841679239521 0
"484" 0 1 0.0509090163329299 -3.45231722837954 0 1 0.0518777049156222 0.771929840958328 0
"485" 0 1 0.0159381736989426 -2.59625285915968 0 3 0.0518777049156222 1.31038951225983 0
"486" 0 0 0.0209759296437627 -3.56299644248456 0 5 0.0518777049156222 -0.607878772775327 0
"487" 0 1 0.0320846703967494 -2.97551980251693 0 5 0.0518777049156222 0.102589752969791 0
"488" 1 0 0.0343359144712903 -2.15970217840103 0 5 0.0518777049156222 1.85569562723564 0
"489" 1 0 0.0518777049156222 -3.83990788577528 0 2 0.0518777049156222 -0.962062568828849 1
"490" 0 0 0.00280726201409426 -2.16836233647254 0 0 0.0518777049156222 1.94872096503512 0
"491" 1 0 0.00414900736603416 -3.83996115736279 0 4 0.0518777049156222 1.10405399655551 0
"492" 0 0 0.0518777049156222 -2.59393765561927 0 5 0.0518777049156222 -0.0442572814595312 1
"493" 0 1 0.00520410283973919 -1.64833580631955 0 2 0.0518777049156222 1.7095200903182 0
"494" 0 0 0.0456687978562865 -3.33581877582066 0 2 0.0518777049156222 1.17529332651918 0
"495" 0 0 0.0518777049156222 -3.40155937562471 0 6 0.0518777049156222 -0.058469720516019 1
"496" 0 0 0.0518777049156222 -3.15846030220663 0 4 0.0518777049156222 0.319346352793634 1
"497" 0 0 0.0518777049156222 -2.81734354110225 0 1 0.0518777049156222 -0.014676949986498 1
"498" 0 0 0.0364922130094227 -2.82915971352381 0 2 0.0518777049156222 3.33661525391031 0
"499" 1 1 0.0219930599794221 -3.90482262733508 0 1 0.0518777049156222 -0.171450026125463 0
"500" 0 0 0.0518777049156222 -3.67118457528228 0 5 0.0518777049156222 -1.14142765964586 1
"501" 0 0 0.0195407330260323 -1.48797187168991 0 3 0.0518777049156222 2.09765014246608 0
"502" 1 0 0.0518777049156222 -3.15533582177525 0 4 0.0518777049156222 2.18103650070068 1
"503" 0 1 0.0425872081038992 -3.46610312723283 0 2 0.0518777049156222 1.58751068066623 0
"504" 0 1 0.0032379057887802 -3.02156622313528 0 2 0.0518777049156222 2.07617257820323 0
"505" 0 1 0.0518777049156222 -3.3443150839114 0 2 0.0518777049156222 2.13665290090847 1
"506" 0 0 0.00552717677835036 -2.7473039653621 1 5 0.0518777049156222 1.76029266077947 0
"507" 1 0 0.0442863180342053 -2.9729433584997 0 2 0.0518777049156222 1.14714239836748 0
"508" 0 1 0.0281333455847556 -3.34046675613392 0 3 0.0518777049156222 2.06645339140338 0
"509" 1 1 0.0508085722576709 -2.77676471470503 0 6 0.0518777049156222 0.575864991292663 0
"510" 0 0 0.0518777049156222 -4.78841526836314 0 3 0.0518777049156222 0.624968723025537 1
"511" 0 0 0.0518777049156222 -4.68021095478805 1 5 0.0518777049156222 -0.051459917306806 1
"512" 0 1 0.00470246921240374 -3.26686857476388 0 8 0.0518777049156222 -0.288383456543135 0
"513" 0 0 0.0288626837229667 -3.77696999604469 0 2 0.0518777049156222 1.52304436188275 0
"514" 0 1 0.0259762798843604 -2.39753725265911 0 1 0.0518777049156222 0.918950970643785 0
"515" 1 1 0.0518777049156222 -2.12179926467492 0 2 0.0518777049156222 -0.0746804719749641 1
"516" 0 1 0.0323733008700954 -2.83510865827876 0 3 0.0518777049156222 1.42944292750789 0
"517" 0 1 0.0182565068065958 -3.42600867872913 0 5 0.0518777049156222 0.801488681772738 0
"518" 0 1 0.00504402391294768 -1.29670622243613 0 0 0.0518777049156222 0.283615092408195 0
"519" 0 0 0.0151762326353053 -3.72930802022942 0 2 0.0518777049156222 0.696469124874594 0
"520" 1 1 0.00868377918116489 -2.07605519196992 0 5 0.0518777049156222 0.737608091924155 0
"521" 0 1 0.0427709924910874 -3.46661095551188 0 2 0.0518777049156222 1.03912518221339 0
"522" 1 1 0.0175244678884784 -3.37634936217607 0 2 0.0518777049156222 1.06258531405203 0
"523" 1 0 0.0499143339485066 -2.62580560674026 0 6 0.0518777049156222 1.55631099073041 0
"524" 1 1 0.0518777049156222 -3.13095999424592 0 5 0.0518777049156222 0.882758620033848 1
"525" 0 0 0.0164150203841728 -2.02271311559845 0 4 0.0518777049156222 0.428020498617561 0
"526" 0 0 0.0420939099952502 -2.37260553810775 0 4 0.0518777049156222 1.27348169575633 0
"527" 1 1 0.00518611974747977 -3.45339283088162 0 4 0.0518777049156222 0.162800257503444 0
"528" 1 1 0.0445219897385641 -2.82107502272132 0 2 0.0518777049156222 0.836598229845132 0
"529" 1 1 0.0322057775422052 -1.83393732218621 0 3 0.0518777049156222 1.52891889480175 0
"530" 0 1 0.033860467584644 -2.59368397897413 0 3 0.0518777049156222 0.496524228559438 0
"531" 1 1 0.0050273704685455 -2.36041217609499 0 3 0.0518777049156222 2.22758487302991 0
"532" 1 1 0.00858781672049721 -2.7435287943067 0 0 0.0518777049156222 0.202937354026509 0
"533" 1 1 0.0128719757181302 -4.08002272122915 0 0 0.0518777049156222 1.18140440126168 0
"534" 1 1 0.0309715697379542 -3.24046008230803 0 3 0.0518777049156222 0.130209186203056 0
"535" 0 0 0.0518777049156222 -3.00302826997697 0 7 0.0518777049156222 -0.385373746507867 1
"536" 0 0 0.0187424100313394 -3.28422130446834 0 1 0.0518777049156222 0.487394756994173 0
"537" 0 0 0.0323253477837803 -1.91739171784845 0 2 0.0518777049156222 2.12095679875579 0
"538" 1 0 0.0329538066196225 -4.3243050951871 0 3 0.0518777049156222 0.845621333354975 0
"539" 1 1 0.0146174453866979 -2.18698889627139 0 3 0.0518777049156222 0.642502209766767 0
"540" 1 0 0.0197599558176555 -2.69923367731936 0 1 0.0518777049156222 2.23648319682949 0
"541" 1 0 0.0518777049156222 -2.70859285542675 0 1 0.0518777049156222 1.75350951350757 1
"542" 1 0 0.00459846834346823 -3.16819724995398 0 3 0.0518777049156222 1.92059392797074 0
"543" 1 1 0.0518777049156222 -2.40595242869211 0 2 0.0518777049156222 1.67157445191191 1
"544" 1 1 0.00559910345050548 -3.41159755155579 0 0 0.0518777049156222 1.33567503962401 0
"545" 1 0 0.0261790260452595 -3.8019219836585 0 5 0.0518777049156222 0.65471619182121 0
"546" 1 1 0.032576555224884 -3.94303974880904 0 1 0.0518777049156222 1.42655216139556 0
"547" 0 0 0.0214584399510359 -4.27594457635514 0 3 0.0518777049156222 -0.226082270047739 0
"548" 0 0 0.000210634745610774 -2.71706670197184 0 5 0.0518777049156222 0.961728271510622 0
"549" 1 1 0.00359957722536802 -2.93397810556675 0 3 0.0518777049156222 1.4073490566353 0
"550" 1 0 0.00731673619782954 -2.60963565711664 0 6 0.0518777049156222 1.4295371235826 0
"551" 0 0 0.0131280300925576 -1.4322639499811 1 2 0.0518777049156222 0.963634769390316 0
"552" 1 0 0.0232840236076475 -3.38224902645537 0 2 0.0518777049156222 -0.491181341024896 0
"553" 0 1 0.0351208279956727 -4.26142643786767 0 3 0.0518777049156222 1.33547187075316 0
"554" 1 1 0.0100765391255437 -1.87170027290684 0 2 0.0518777049156222 1.83351542768975 0
"555" 0 0 0.0188993100108466 -2.52675736230468 0 7 0.0518777049156222 2.37247410731054 0
"556" 1 0 0.00398741938333286 -1.67287276104282 0 0 0.0518777049156222 -0.253123206251335 0
"557" 1 0 0.048663134840367 -4.15771326884836 0 2 0.0518777049156222 1.02135767937963 0
"558" 0 1 0.0279895676068924 -3.66658895293954 0 4 0.0518777049156222 1.31027789740541 0
"559" 0 0 0.0363282785401469 -1.77328908266704 0 4 0.0518777049156222 1.72343227991323 0
"560" 0 1 0.0392132207677831 -2.98733546216515 1 7 0.0518777049156222 0.965886679263537 0
"561" 1 1 0.0186301424932063 -4.24599177954043 0 4 0.0518777049156222 1.16840385291024 0
"562" 0 0 0.0518777049156222 -4.75011016997037 0 1 0.0518777049156222 1.45738046773175 1
"563" 1 0 0.0402662700841215 -2.75300495326656 0 3 0.0518777049156222 1.21319106318534 0
"564" 1 0 0.0363865655475685 -2.77900877657684 0 0 0.0518777049156222 -1.9962631949999 0
"565" 1 0 0.00999709365780367 -2.5724902760693 0 4 0.0518777049156222 0.959327453744903 0
"566" 0 0 0.0281447081998565 -3.52378763850896 1 2 0.0518777049156222 1.27938928272378 0
"567" 1 0 0.00417224664542565 -1.77004582356634 0 4 0.0518777049156222 1.92113143942101 0
"568" 0 0 0.00558921256605926 -2.84879577708951 0 3 0.0518777049156222 0.165107765622416 0
"569" 1 0 0.0518777049156222 -3.48636733566348 0 5 0.0518777049156222 2.13145224820712 1
"570" 1 1 0.0138972336618436 -3.23150047560894 0 3 0.0518777049156222 0.0512279176871792 0
"571" 0 1 0.0248008361809567 -3.52669423522824 1 2 0.0518777049156222 2.39150094262967 0
"572" 0 1 0.0244281760254613 -2.68637440211519 0 1 0.0518777049156222 0.704852166443905 0
"573" 1 1 0.0234764055555654 -3.11239070747271 0 5 0.0518777049156222 1.5060651861311 0
"574" 0 1 0.0518777049156222 -1.7073689990762 0 6 0.0518777049156222 3.90644023812446 1
"575" 0 0 0.0429661035136024 -3.70497313398686 0 2 0.0518777049156222 1.03188405560306 0
"576" 0 0 0.0518777049156222 -3.13934342579754 0 3 0.0518777049156222 0.144766548428206 1
"577" 1 0 0.014881830546046 -1.20390188932876 0 3 0.0518777049156222 1.75421152042141 0
"578" 0 1 0.00512413115348354 -2.89166150837373 0 5 0.0518777049156222 2.03929397134349 0
"579" 1 0 0.0297493442131379 -0.520808037856006 0 5 0.0518777049156222 3.41577011581735 0
"580" 0 1 0.0399503483172411 -1.70334898598695 0 4 0.0518777049156222 2.49554346816152 0
"581" 1 1 0.00541779810907113 -3.9613415103778 0 3 0.0518777049156222 0.236312070773279 0
"582" 1 0 0.028748723211798 -3.4878215894137 0 3 0.0518777049156222 1.30343190220804 0
"583" 0 0 0.0518777049156222 -4.16382893872963 1 5 0.0518777049156222 1.43375988813592 1
"584" 1 1 0.0299609385049107 -5.4686162620628 0 7 0.0518777049156222 0.979179474170907 0
"585" 0 0 0.0518777049156222 -4.82575897373357 0 5 0.0518777049156222 -0.4917464170295 1
"586" 1 0 0.0518777049156222 -2.50715416800225 0 2 0.0518777049156222 -1.35506096495555 1
"587" 1 0 0.0518777049156222 -2.22418855562127 1 8 0.0518777049156222 1.64632726090054 1
"588" 1 0 0.0321751731416384 -1.30519407387769 0 3 0.0518777049156222 1.41361077517266 0
"589" 0 0 0.0518777049156222 -2.43894832845008 1 4 0.0518777049156222 1.85634658047659 1
"590" 1 0 0.0176461790046414 -3.50138891225641 0 6 0.0518777049156222 -0.523595067325983 0
"591" 0 1 0.0476797921629548 -2.75575555075559 0 3 0.0518777049156222 0.994392814765809 0
"592" 0 1 0.0518777049156222 -1.35046399604159 0 4 0.0518777049156222 -0.316957909317367 1
"593" 1 0 0.0373874071370162 -3.05247600219391 0 3 0.0518777049156222 0.991372828607674 0
"594" 1 1 0.0518777049156222 -2.44057430493299 0 3 0.0518777049156222 0.969177618866337 1
"595" 1 1 0.0425441636749094 -4.06220989192432 0 4 0.0518777049156222 -0.683841196117575 0
"596" 1 0 0.0237325106556859 -0.694430493759122 0 1 0.0518777049156222 1.66372162158181 0
"597" 1 0 0.0141176164912148 -4.45164621830993 0 1 0.0518777049156222 -0.651443502213195 0
"598" 0 0 0.0518777049156222 -2.97804811848181 0 4 0.0518777049156222 1.53470433514113 1
"599" 0 0 0.0518777049156222 -4.344762740981 0 2 0.0518777049156222 1.21415531242881 1
"600" 0 1 0.0223456962539007 -3.21545536411658 0 2 0.0518777049156222 1.68746282253803 0
"601" 0 1 0.0420124808993908 -3.51893371215109 0 3 0.0518777049156222 1.18325445173152 0
"602" 0 1 0.0112435075919098 -3.6317171599394 0 2 0.0518777049156222 -0.417395155889386 0
"603" 0 1 0.0518777049156222 -3.15117032768676 0 4 0.0518777049156222 1.75473731935039 1
"604" 0 1 0.0518777049156222 -3.31826281551826 0 4 0.0518777049156222 1.88884867205415 1
"605" 0 0 0.0338885317466846 -4.44995197824928 0 4 0.0518777049156222 0.306072804991915 0
"606" 1 0 0.00259461084680935 -4.16844223300777 0 2 0.0518777049156222 -0.859979945953661 0
"607" 0 0 0.0518777049156222 -2.39887068206297 0 1 0.0518777049156222 1.346311411456 1
"608" 0 1 0.0172819923548803 -1.4042988669605 0 4 0.0518777049156222 3.46767678969894 0
"609" 1 1 0.0182482305072297 -2.41481845360901 0 3 0.0518777049156222 1.33369734969522 0
"610" 0 0 0.0518777049156222 -3.21442014457184 0 2 0.0518777049156222 0.0189924682388675 1
"611" 1 1 0.0518777049156222 -4.24361227609466 0 1 0.0518777049156222 -1.4588694616329 1
"612" 0 1 0.000509639678679301 -4.59785527621084 0 6 0.0518777049156222 -1.30990612447463 0
"613" 0 0 0.0021586353571977 -1.14163298379046 0 6 0.0518777049156222 2.09713502274987 0
"614" 1 0 0.0430865325335977 -2.35009527286114 0 2 0.0518777049156222 1.30715075111781 0
"615" 1 0 0.014273103935141 -1.83840686881776 0 2 0.0518777049156222 -0.194051746803219 0
"616" 0 0 0.0227477436912255 -4.34789048771542 0 3 0.0518777049156222 2.209815162214 0
"617" 0 0 0.0518777049156222 -3.91124104318753 0 8 0.0518777049156222 2.40829003795977 1
"618" 0 0 0.0141545703881479 -3.42039526255384 0 1 0.0518777049156222 1.93553482167175 0
"619" 1 1 0.0118176141739976 -3.78668668388035 0 2 0.0518777049156222 1.52437593426014 0
"620" 0 0 0.0324824458647081 -4.35175259062158 0 4 0.0518777049156222 0.187891195413207 0
"621" 1 1 0.0361027148251727 -3.36209463356258 0 4 0.0518777049156222 -0.016293656290977 0
"622" 1 0 0.0518777049156222 -2.98252098914443 0 6 0.0518777049156222 -0.481653669002157 1
"623" 0 0 0.0518777049156222 -4.03150776610243 0 2 0.0518777049156222 2.46225764929432 1
"624" 0 1 0.0333466089370006 -2.20303473697003 0 1 0.0518777049156222 2.47232966724161 0
"625" 0 1 0.0338264229726129 -3.71754458905668 0 6 0.0518777049156222 2.01607288909315 0
"626" 1 0 0.0072506595341407 -0.766692092881137 0 3 0.0518777049156222 -0.289029825674542 0
"627" 0 1 0.037877811143928 -2.93691237254758 0 2 0.0518777049156222 0.460800112406597 0
"628" 1 1 0.0257499805186305 -5.05232389319196 0 3 0.0518777049156222 0.512620651605826 0
"629" 0 0 0.0518777049156222 -2.24309337926662 0 0 0.0518777049156222 -0.158936183957897 1
"630" 0 1 0.0518777049156222 -4.85111587533176 0 0 0.0518777049156222 1.31486634455835 1
"631" 1 0 0.0361027199590681 -4.82039655731995 0 1 0.0518777049156222 1.30953710986738 0
"632" 1 0 0.0169678808430797 -3.24476152604532 0 1 0.0518777049156222 0.0702452785069879 0
"633" 0 0 0.0518777049156222 -3.15233388490684 0 2 0.0518777049156222 -0.0397501347962572 1
"634" 0 1 0.03069944488206 -3.11512291496066 0 4 0.0518777049156222 0.561886809954576 0
"635" 0 1 0.0518777049156222 -4.18046242732015 0 2 0.0518777049156222 1.18794754508627 1
"636" 0 1 0.0482794121286977 -3.33336558392317 0 0 0.0518777049156222 -0.966096998240067 0
"637" 0 0 0.0518777049156222 -4.24601127399945 0 7 0.0518777049156222 0.0894615931000708 1
"638" 1 1 0.0236236704624159 -3.96974736153627 0 1 0.0518777049156222 0.10589606085913 0
"639" 1 1 0.00766396174738917 -4.75891580123628 0 6 0.0518777049156222 -0.550994250241598 0
"640" 0 0 0.0518777049156222 -2.32153786905275 0 1 0.0518777049156222 0.889813929371428 1
"641" 0 1 0.0518777049156222 -4.31548347669421 0 2 0.0518777049156222 1.15621504186531 1
"642" 1 1 0.0276905212086548 -3.25259363124607 0 4 0.0518777049156222 0.718724083986914 0
"643" 1 1 0.0518777049156222 -3.89258503020644 0 2 0.0518777049156222 -0.223921667871133 1
"644" 0 0 0.0429515678676806 -3.56784663904969 0 0 0.0518777049156222 0.666599481627563 0
"645" 1 0 0.0514090331235619 -1.8593952975848 0 4 0.0518777049156222 1.00189437013494 0
"646" 0 0 0.0518777049156222 -1.56509454096702 0 3 0.0518777049156222 -0.129619874365772 1
"647" 0 1 0.000500949093860804 -2.38410724968482 0 2 0.0518777049156222 0.735351064896401 0
"648" 1 0 0.0156406914397492 -2.34600521047899 0 2 0.0518777049156222 1.46296303834737 0
"649" 0 0 0.0408491427234943 -1.47299909463764 0 4 0.0518777049156222 1.13831485671981 0
"650" 0 0 0.0149193527130992 -3.34041586017266 0 1 0.0518777049156222 0.538900745423375 0
"651" 1 1 0.00641911902863611 -3.63414887863106 0 2 0.0518777049156222 0.337465210060741 0
"652" 0 0 0.0121814853393181 -4.48715148845131 0 1 0.0518777049156222 0.759992430763496 0
"653" 1 0 0.0235067887073832 -4.08619300394588 0 1 0.0518777049156222 0.574294805844655 0
"654" 1 1 0.00990603912245091 -1.974789919318 0 3 0.0518777049156222 0.857673151114858 0
"655" 1 0 0.0277391369058966 -0.861103885700313 0 3 0.0518777049156222 -0.0384507308641686 0
"656" 0 1 0.0518777049156222 -4.76437914493644 0 2 0.0518777049156222 1.54513562492302 1
"657" 1 1 0.0357840513691657 -3.23607589274515 1 3 0.0518777049156222 0.930917389450071 0
"658" 1 0 0.0400118352229434 -2.96847112903988 0 1 0.0518777049156222 2.37084597960468 0
"659" 0 1 0.0518777049156222 -2.56864439658134 0 1 0.0518777049156222 3.74741816969444 1
"660" 0 1 0.0158046148410547 -4.06101871529835 1 2 0.0518777049156222 0.604410496420275 0
"661" 0 1 0.0153645370379639 -1.88580008953445 0 1 0.0518777049156222 0.954818024390104 0
"662" 0 1 0.0291342563510796 -0.942996898590895 0 2 0.0518777049156222 1.23139096480328 0
"663" 1 1 0.0439086160820696 -3.29363726900474 0 3 0.0518777049156222 1.93248478863676 0
"664" 1 1 0.0112549399912654 -1.55294933927026 0 0 0.0518777049156222 0.189602525648065 0
"665" 1 0 0.0518777049156222 -4.22506210759004 0 3 0.0518777049156222 0.679939942832924 1
"666" 0 0 0.014314690608516 -2.8860609691448 0 2 0.0518777049156222 1.69943918062921 0
"667" 1 0 0.0518777049156222 -1.56303631706235 0 2 0.0518777049156222 0.821594095708134 1
"668" 0 1 0.0518777049156222 -2.1975490343147 0 2 0.0518777049156222 -0.00967427733957438 1
"669" 1 0 0.0142237069587762 -3.37953119990817 0 3 0.0518777049156222 1.68207219400589 0
"670" 1 1 0.0401792861762562 -2.74082287062126 0 1 0.0518777049156222 1.69048231597383 0
"671" 0 1 0.0391839268087778 -3.33482695676189 0 3 0.0518777049156222 2.46004770357425 0
"672" 0 1 0.031236589690358 -4.12774931534747 0 2 0.0518777049156222 0.848649684775132 0
"673" 0 0 0.0480476039547356 -3.95038404129913 0 4 0.0518777049156222 -0.069139584296994 0
"674" 0 0 0.0156973984244695 -2.07641066313074 0 6 0.0518777049156222 1.77906200795167 0
"675" 0 1 0.0276771072628567 -3.0609408436145 0 2 0.0518777049156222 1.47250990833617 0
"676" 0 0 0.0518777049156222 -4.28030498257415 0 1 0.0518777049156222 0.217365547880202 1
"677" 0 0 0.0484866415457564 -1.34944917431897 0 2 0.0518777049156222 1.1365567253776 0
"678" 1 1 0.00228077146797088 -3.37589470325293 0 2 0.0518777049156222 1.39976233021893 0
"679" 0 0 0.0152136420273207 -4.13985933774924 0 3 0.0518777049156222 0.577922534418783 0
"680" 0 1 0.0325585215362888 -2.7386895395328 0 4 0.0518777049156222 2.86579759626333 0
"681" 1 0 0.0183596582950773 -1.32441110797652 0 3 0.0518777049156222 1.55174194842655 0
"682" 0 1 0.0518777049156222 -3.2855521996273 0 2 0.0518777049156222 0.66391323901585 1
"683" 0 1 0.0326256767499944 -2.45924591581061 0 3 0.0518777049156222 1.30217947083412 0
"684" 1 0 0.0290469382418737 -2.87936877976676 0 3 0.0518777049156222 0.0980715520925091 0
"685" 1 1 0.0518777049156222 -3.12542352333741 0 4 0.0518777049156222 1.76505998317122 1
"686" 1 1 0.010702498748776 -4.80300794036095 0 4 0.0518777049156222 1.78731277905606 0
"687" 1 0 0.0518777049156222 -3.58340757262859 1 4 0.0518777049156222 2.44185314778252 1
"688" 1 1 0.0514196369318319 -3.64273596859742 0 3 0.0518777049156222 1.01909652433708 0
"689" 0 1 0.0238729359888957 -2.0624355439265 0 6 0.0518777049156222 2.0454187704262 0
"690" 1 0 0.0518777049156222 -2.22429029867496 0 6 0.0518777049156222 0.626346613889688 1
"691" 1 1 0.0518777049156222 -3.09907990564185 0 2 0.0518777049156222 0.356951140420351 1
"692" 1 0 0.0518777049156222 -3.87977366015075 0 4 0.0518777049156222 0.211205494704097 1
"693" 0 1 0.0481609758076153 -2.18128135341659 0 3 0.0518777049156222 1.02749388935759 0
"694" 0 0 0.0518777049156222 -3.73733547683625 0 2 0.0518777049156222 0.693664152890672 1
"695" 0 1 0.0518777049156222 -4.01992921574337 0 2 0.0518777049156222 2.04181901655022 1
"696" 1 0 0.0039750194546528 -2.29599202628795 0 3 0.0518777049156222 0.583194373167249 0
"697" 1 0 0.0115396006641281 -3.52460773666986 0 2 0.0518777049156222 1.01871547703296 0
"698" 0 0 0.0518777049156222 -3.73051451694313 0 2 0.0518777049156222 0.976873584494639 1
"699" 0 1 0.00440706641205344 -2.18774382664774 0 2 0.0518777049156222 0.610296555880105 0
"700" 1 0 0.0313069168665287 -3.73755403255984 1 3 0.0518777049156222 -0.868993843254874 0
"701" 0 1 0.0518777049156222 -2.35658717960664 0 5 0.0518777049156222 2.65632260805934 1
"702" 1 1 0.0368233741945926 -4.21789237371386 0 1 0.0518777049156222 0.479297580679574 0
"703" 1 0 0.0357029805281731 -1.59924437849219 0 2 0.0518777049156222 1.6079246430293 0
"704" 0 1 0.009064798780702 -3.66690764392241 0 4 0.0518777049156222 1.43400847862004 0
"705" 0 0 0.0132161538342529 -1.30639247284855 0 1 0.0518777049156222 0.295258596303917 0
"706" 0 1 0.0047762526292438 -3.52900712912609 0 1 0.0518777049156222 1.13515239980557 0
"707" 0 0 0.0518777049156222 -3.54287971113733 0 6 0.0518777049156222 -0.816985461975523 1
"708" 1 0 0.0518777049156222 -2.14123295165909 0 2 0.0518777049156222 1.16752063063861 1
"709" 1 1 0.0518777049156222 -1.00973064639916 0 4 0.0518777049156222 1.27098638872098 1
"710" 0 0 0.0518777049156222 -4.60913522816234 0 3 0.0518777049156222 1.56632596507252 1
"711" 0 0 0.0518777049156222 -2.52796003027892 0 3 0.0518777049156222 0.508717667439498 1
"712" 1 1 0.034935740330448 -3.70177819700575 0 6 0.0518777049156222 1.49441479943531 0
"713" 1 1 0.0303977853255255 -1.52921809051065 0 2 0.0518777049156222 -0.870171587307685 0
"714" 1 1 0.000869363035579726 -2.5419355987107 0 1 0.0518777049156222 2.2639250460338 0
"715" 0 0 0.0518777049156222 -2.51649753180358 0 4 0.0518777049156222 0.339170409613554 1
"716" 0 0 0.0353374989905784 -1.79748222444854 0 4 0.0518777049156222 0.792711317333027 0
"717" 1 1 0.0451062853323082 -2.91479215633211 0 2 0.0518777049156222 1.58166700434951 0
"718" 0 0 0.0257095406833438 -1.74075931576069 0 0 0.0518777049156222 0.679069923027119 0
"719" 0 1 0.0223972147411686 -3.3820927450568 0 3 0.0518777049156222 -0.0927636883132728 0
"720" 0 1 0.0518777049156222 -2.84981224218758 0 7 0.0518777049156222 -0.322755750710779 1
"721" 0 1 0.0421558176414542 -2.51968861401231 0 4 0.0518777049156222 3.07673105477563 0
"722" 0 0 0.0285994366238107 -3.21771866347204 0 5 0.0518777049156222 1.1974031125581 0
"723" 1 0 0.0397354249104231 -2.2731444357078 0 6 0.0518777049156222 1.33365825441224 0
"724" 0 0 0.0518777049156222 -1.55282818296372 0 4 0.0518777049156222 1.50047384506167 1
"725" 1 1 0.0518777049156222 -2.19153798654352 0 3 0.0518777049156222 2.47206574365208 1
"726" 0 0 0.00370827139467557 -2.39860425334982 0 3 0.0518777049156222 -1.00571868174461 0
"727" 1 1 0.0408049279957315 -2.85048358242875 0 0 0.0518777049156222 0.717269771675541 0
"728" 1 1 0.0085979426088244 -2.93188759720168 0 1 0.0518777049156222 1.74950749757085 0
"729" 1 1 0.0518777049156222 -3.36525909587025 0 3 0.0518777049156222 2.03476157128771 1
"730" 1 1 0.03323528120777 -2.17667747167296 0 5 0.0518777049156222 2.11648768369856 0
"731" 0 1 0.0518777049156222 -4.38458358536136 0 2 0.0518777049156222 -0.521671961401958 1
"732" 0 0 0.0397215514001376 -4.24841670909509 0 3 0.0518777049156222 0.79399820622759 0
"733" 0 1 0.0443791541546237 -0.935837796856675 0 3 0.0518777049156222 0.606880231169291 0
"734" 1 1 0.0518777049156222 -3.57970362410026 0 2 0.0518777049156222 1.68867104408347 1
"735" 0 1 0.0518777049156222 -5.81660094610215 0 4 0.0518777049156222 0.0275856578781323 1
"736" 0 0 0.00751143635635274 -3.67808132700108 0 6 0.0518777049156222 0.348323698088043 0
"737" 0 0 0.0147125273826846 -2.34089494303042 0 3 0.0518777049156222 2.23250852834044 0
"738" 1 1 0.0211023793817623 -4.1999506808953 0 1 0.0518777049156222 1.88722189963869 0
"739" 1 1 0.0130444620152789 -3.93365579007821 0 3 0.0518777049156222 1.18556262485761 0
"740" 1 1 0.0317688764358143 -2.24869089978549 0 4 0.0518777049156222 1.51691933281679 0
"741" 0 1 0.0320873836973115 -1.78438181433428 0 5 0.0518777049156222 1.26179527029324 0
"742" 1 0 0.0289436238943973 -2.58923691107242 0 4 0.0518777049156222 1.28642776455007 0
"743" 1 1 0.0145157471765836 -3.48435046012503 0 3 0.0518777049156222 0.451500208714668 0
"744" 1 1 0.0518777049156222 -4.01165660522917 0 1 0.0518777049156222 1.66880910461891 1
"745" 1 0 0.0334737195740742 -2.44597289374869 0 4 0.0518777049156222 -0.265235678757874 0
"746" 1 1 0.0223894512263366 -5.0296849369595 0 2 0.0518777049156222 0.391461511347953 0
"747" 1 1 0.0241628557083435 -2.1042988504164 0 4 0.0518777049156222 2.23767461590737 0
"748" 0 1 0.0366299756189983 -3.22834893852205 0 1 0.0518777049156222 -0.639198922643165 0
"749" 0 1 0.0110943919467699 -3.73957080580327 0 3 0.0518777049156222 0.879890196381171 0
"750" 1 0 0.0142439688625618 -4.09651320503205 0 2 0.0518777049156222 0.431284246137339 0
"751" 0 1 0.00222865545825485 -3.01452896376485 0 2 0.0518777049156222 -0.483149265136963 0
"752" 1 1 0.00583555202730246 -1.74167670995524 0 4 0.0518777049156222 2.47155699200368 0
"753" 1 1 0.0172650460464105 -2.02791723750657 1 1 0.0518777049156222 1.15638142092975 0
"754" 0 1 0.0399569343052676 -2.69896197849669 0 3 0.0518777049156222 1.11591376005449 0
"755" 1 1 0.00995221709530405 -6.31037181947531 0 2 0.0518777049156222 1.47860859557784 0
"756" 0 0 0.0310618022802585 -4.66681105789435 0 2 0.0518777049156222 2.49375813957698 0
"757" 0 0 0.0305337630084044 -3.54728088990206 0 5 0.0518777049156222 2.17203080511351 0
"758" 0 1 0.0211360035453096 -3.82486388904947 0 4 0.0518777049156222 2.59812212842852 0
"759" 0 1 0.00655216646091681 -3.34706179689136 0 3 0.0518777049156222 -1.2018453118419 0
"760" 1 0 0.00615208442421211 -2.87639973966533 0 4 0.0518777049156222 -1.00684700425469 0
"761" 0 0 0.0255496000244307 -2.76888166932699 0 1 0.0518777049156222 0.901250174449121 0
"762" 1 0 0.00203232339205351 -2.83743774225403 0 5 0.0518777049156222 1.41566616889455 0
"763" 0 1 0.0155075568256454 -2.37731757880905 0 3 0.0518777049156222 1.06009407581195 0
"764" 0 1 0.0421375051936249 -2.87984935192518 0 0 0.0518777049156222 -0.0115315613591107 0
"765" 0 0 0.0518777049156222 -3.31559454799022 0 0 0.0518777049156222 0.0183826181017728 1
"766" 0 0 0.0518777049156222 -1.63736337600838 0 4 0.0518777049156222 2.00503283602216 1
"767" 0 0 0.0160992132667133 -4.27080841364207 0 4 0.0518777049156222 2.31633236476758 0
"768" 1 1 0.0269954707132227 -3.14249017709262 0 1 0.0518777049156222 0.27976280444286 0
"769" 0 0 0.0364028852046962 -2.87261744804321 0 1 0.0518777049156222 0.73013280187575 0
"770" 0 1 0.0518777049156222 -2.45262301612338 0 2 0.0518777049156222 2.77004619513915 1
"771" 1 0 0.013028891384938 -3.72484996463116 1 2 0.0518777049156222 1.63009018588932 0
"772" 0 1 0.00704223859991452 -3.55657630192935 0 1 0.0518777049156222 0.0381867850078603 0
"773" 0 0 0.0401762501404095 -3.53692379167074 0 3 0.0518777049156222 0.666247974433749 0
"774" 1 1 0.00213793678639554 -2.62425710669051 0 7 0.0518777049156222 1.396825379156 0
"775" 0 1 0.0251873584888549 -2.1856952376756 0 3 0.0518777049156222 -0.0727095329076692 0
"776" 1 1 0.0394521644687746 -2.20880362872097 0 2 0.0518777049156222 1.81784611597562 0
"777" 1 0 0.0518777049156222 -4.31333212790416 0 2 0.0518777049156222 0.634756302662887 1
"778" 0 1 0.0109819870967967 -3.25895949627607 1 3 0.0518777049156222 0.982160923484899 0
"779" 0 0 0.0105364173878554 -1.53281053926601 0 1 0.0518777049156222 1.55368682693327 0
"780" 0 1 0.0169741816843038 -3.09551276937347 0 4 0.0518777049156222 -0.452752711472306 0
"781" 0 1 0.00404026496863611 -1.4156348052104 0 4 0.0518777049156222 2.41147788180901 0
"782" 0 0 0.0518777049156222 -2.52061254653351 0 2 0.0518777049156222 2.3574404623708 1
"783" 1 1 0.0518777049156222 -2.28385190269337 1 2 0.0518777049156222 0.367196942140909 1
"784" 0 0 0.00916738555987301 -3.54347499452628 0 5 0.0518777049156222 -0.851297764958291 0
"785" 1 1 0.00924147385505627 -2.65228520804843 0 2 0.0518777049156222 0.433544585789463 0
"786" 0 1 0.0518777049156222 -3.54275745078157 0 4 0.0518777049156222 -0.338224318893925 1
"787" 0 1 0.0135229649489806 -3.500795789738 0 3 0.0518777049156222 0.964036368694661 0
"788" 0 1 0.0337776590672371 -2.22053747689943 0 3 0.0518777049156222 1.40797305157906 0
"789" 0 0 0.0518777049156222 -2.96542043444543 0 2 0.0518777049156222 2.32235045200165 1
"790" 1 0 0.0217879387475228 -3.29143227181706 0 3 0.0518777049156222 2.6459124485512 0
"791" 1 1 0.0149521354810403 -3.25478148149841 0 2 0.0518777049156222 -0.933426632462491 0
"792" 0 0 0.0142835532903129 -2.13690175157134 0 2 0.0518777049156222 1.6863879942648 0
"793" 0 0 0.0290330444777158 -4.08336319765979 0 2 0.0518777049156222 2.70500569965045 0
"794" 0 1 0.0113623905208932 -3.71740208947449 0 3 0.0518777049156222 1.35227045601418 0
"795" 0 1 0.0223215013389834 -2.05260492385865 1 3 0.0518777049156222 1.39358960041016 0
"796" 0 0 0.000253588601878886 -4.41546303963396 0 4 0.0518777049156222 1.44176287457764 0
"797" 0 0 0.0106999278156962 -2.70709728128268 0 5 0.0518777049156222 -0.0856029095558579 0
"798" 0 0 0.0360200783504889 -1.55648280318644 0 3 0.0518777049156222 0.101940644363292 0
"799" 0 0 0.00646322784775722 -4.29647157494615 0 2 0.0518777049156222 1.86751244313607 0
"800" 1 1 0.0518777049156222 -3.08450396205855 0 7 0.0518777049156222 0.018153584393057 1
"801" 0 1 0.00159745240659476 -2.95663432840933 0 3 0.0518777049156222 1.93475642785118 0
"802" 0 1 0.0518777049156222 -3.59585336012788 0 3 0.0518777049156222 0.294726438027833 1
"803" 0 1 0.0199563467287254 -0.359219198524601 0 0 0.0518777049156222 0.506128093795766 0
"804" 0 1 0.0197138775688875 -2.10178017500714 0 1 0.0518777049156222 0.482534376315343 0
"805" 1 0 0.00795489042342281 -3.28824589415095 0 3 0.0518777049156222 0.553036952519923 0
"806" 0 1 0.0518777049156222 -2.99386127088216 0 3 0.0518777049156222 -0.118613246882337 1
"807" 0 1 0.00673623162638804 -2.23078971123134 0 3 0.0518777049156222 0.539791783344797 0
"808" 1 1 0.0518777049156222 -2.61850453634736 0 1 0.0518777049156222 -0.213266973462039 1
"809" 0 1 0.00669419484949915 -1.59245872905104 0 6 0.0518777049156222 1.12693299262529 0
"810" 1 1 0.0173288483006213 -2.50801245263802 0 3 0.0518777049156222 2.02636758331499 0
"811" 1 0 0.0265673992273938 -4.29307162311014 0 2 0.0518777049156222 0.431104160832754 0
"812" 1 0 0.00375817825282534 -2.5840898905241 0 0 0.0518777049156222 2.92809150321167 0
"813" 0 0 0.0217811909104461 -1.5959392664947 0 1 0.0518777049156222 1.01231086530118 0
"814" 1 0 0.00661322795601157 -2.2874198316452 0 2 0.0518777049156222 0.961366029781901 0
"815" 0 1 0.0497464098861815 -1.12830633206884 0 1 0.0518777049156222 2.73768810192175 0
"816" 0 0 0.0518777049156222 -3.68659434203922 0 1 0.0518777049156222 1.33213472262025 1
"817" 1 1 0.0160442720131301 -3.14277587869796 0 2 0.0518777049156222 2.27509254137932 0
"818" 0 0 0.0440699866851758 -3.76518532010441 0 6 0.0518777049156222 2.1214012994933 0
"819" 1 0 0.00466801651820827 -2.18770097524912 0 3 0.0518777049156222 1.09225690787353 0
"820" 0 0 0.0225835814466415 -1.73230189067173 0 2 0.0518777049156222 1.6143871978758 0
"821" 1 1 0.0518777049156222 -3.82693388701302 0 6 0.0518777049156222 0.209789098609447 1
"822" 0 0 0.0115914890162958 -3.82160903278089 0 5 0.0518777049156222 -0.308325308473841 0
"823" 0 0 0.0269300299932372 -4.24347878290707 0 3 0.0518777049156222 0.723883093909053 0
"824" 1 0 0.0408587429706865 -2.72284399367321 0 3 0.0518777049156222 1.90448996073948 0
"825" 1 1 0.0518777049156222 -2.48387126497096 0 5 0.0518777049156222 0.364589718269585 1
"826" 1 1 0.0443225200371899 -2.75934756077783 0 2 0.0518777049156222 1.47605996953596 0
"827" 0 1 0.036467925406743 -2.30429094159763 0 2 0.0518777049156222 1.60631527704507 0
"828" 0 1 0.0461996660878859 -1.87523909405374 0 1 0.0518777049156222 0.82302417970837 0
"829" 0 1 0.0407258994747622 -2.86251225336448 0 3 0.0518777049156222 0.931538127046706 0
"830" 1 0 0.0106985053309731 -1.46778918166938 0 1 0.0518777049156222 0.99416266195319 0
"831" 0 1 0.0210511155487014 -2.19286539842344 0 2 0.0518777049156222 3.01052843544963 0
"832" 0 1 0.00133570318301342 -2.79417181713232 0 6 0.0518777049156222 2.49902968359078 0
"833" 1 0 0.0121337900821422 -1.87576936124999 0 4 0.0518777049156222 1.12029157035431 0
"834" 1 1 0.0226960697655459 -4.43703076538233 0 3 0.0518777049156222 1.30807479040406 0
"835" 0 1 0.00392712838647619 -1.80021450048735 0 3 0.0518777049156222 1.31228520407333 0
"836" 0 1 0.0236080911813435 -1.5169895566846 0 4 0.0518777049156222 -0.434761909300124 0
"837" 0 0 0.0397011298471704 -2.9128942952437 0 3 0.0518777049156222 0.408660850120012 0
"838" 0 0 0.0221701599443196 -2.7949596347629 0 1 0.0518777049156222 1.68447441475579 0
"839" 0 1 0.0518777049156222 -3.34364170533569 0 3 0.0518777049156222 0.73559954121546 1
"840" 0 1 0.0212724540658568 -2.64836470191542 0 6 0.0518777049156222 1.19058925754703 0
"841" 1 0 0.0518777049156222 -2.79800472214246 0 3 0.0518777049156222 0.278466411316926 1
"842" 1 0 0.0121249579913993 -2.98124999511023 0 4 0.0518777049156222 0.890179538307677 0
"843" 1 0 0.0213692226802697 -2.5654612648278 0 1 0.0518777049156222 1.51284236003737 0
"844" 0 0 0.0325584178882967 -2.57895799778714 0 2 0.0518777049156222 0.477520256726997 0
"845" 0 0 0.0170971176641186 -3.04028145431958 0 4 0.0518777049156222 0.714793804361281 0
"846" 1 1 0.0072472767552075 -2.75114473803199 0 1 0.0518777049156222 0.354427680191145 0
"847" 1 0 0.0366664567065055 -2.30411449501704 0 0 0.0518777049156222 2.39884121482842 0
"848" 0 1 0.00957132865806718 -2.89885235089805 0 1 0.0518777049156222 1.41390862965674 0
"849" 0 1 0.0117423322928484 -3.69791603586012 0 3 0.0518777049156222 0.0435081830794661 0
"850" 0 0 0.047898738197561 -5.06889953709539 0 2 0.0518777049156222 0.201214419109808 0
"851" 1 1 0.00676866172142549 -4.43052951401049 0 4 0.0518777049156222 1.15824027844644 0
"852" 0 0 0.0322253401031042 -2.49567378967501 0 0 0.0518777049156222 1.63031408637451 0
"853" 0 0 0.00349808573251994 -3.22643972918854 0 3 0.0518777049156222 -0.127419822811375 0
"854" 0 1 0.000502078673540806 -3.48407555604874 0 4 0.0518777049156222 0.33612398277402 0
"855" 0 1 0.0276422487230091 -2.74287148699178 0 4 0.0518777049156222 0.709595121062775 0
"856" 1 0 0.0050514529143063 -6.44865033372479 0 5 0.0518777049156222 0.00787392055260605 0
"857" 1 0 0.0446182143304471 -3.39691804852688 0 4 0.0518777049156222 -0.652884683192734 0
"858" 0 0 0.0518777049156222 -5.0867790024944 0 4 0.0518777049156222 0.0440512979330879 1
"859" 0 1 0.0518777049156222 -1.69879770455348 0 3 0.0518777049156222 2.9902507388611 1
"860" 0 0 0.0222970480628685 -3.34503863560539 0 1 0.0518777049156222 0.366388312723406 0
"861" 1 0 0.0466580263186053 -3.07530548413645 0 3 0.0518777049156222 3.00465190692862 0
"862" 0 0 0.0518777049156222 -3.30235526982426 0 1 0.0518777049156222 -0.804003088503388 1
"863" 0 0 0.00214193530829754 -2.15974085634852 0 2 0.0518777049156222 -0.252143173107444 0
"864" 1 0 0.0518777049156222 -2.70104625834656 0 2 0.0518777049156222 1.14907034579319 1
"865" 1 1 0.0518777049156222 -1.51374360520978 0 4 0.0518777049156222 0.809058285081351 1
"866" 0 0 0.00334256426735227 -2.92894421343095 0 3 0.0518777049156222 2.37494437325689 0
"867" 0 1 0.0229787536289438 -3.22174218470129 0 1 0.0518777049156222 1.27034514091471 0
"868" 1 1 0.0518511106104682 -2.49220133004349 0 1 0.0518777049156222 1.21908454858629 0
"869" 0 1 0.00993244079301931 -2.66470091937861 0 4 0.0518777049156222 1.27692808000312 0
"870" 0 0 0.0518777049156222 -5.46019435400786 0 0 0.0518777049156222 0.56932665310431 1
"871" 1 1 0.0518777049156222 -1.61072298435837 0 3 0.0518777049156222 1.49999328286241 1
"872" 1 0 0.0259705013968396 -3.24257832738354 0 3 0.0518777049156222 2.87093911769456 0
"873" 0 1 0.0518777049156222 -2.86017365507831 0 1 0.0518777049156222 0.14687834125545 1
"874" 0 0 0.00186549916243724 -2.42024592220125 0 3 0.0518777049156222 0.164148915632965 0
"875" 1 1 0.00566991497351003 -2.85278334121781 0 2 0.0518777049156222 0.821693688321863 0
"876" 1 0 0.0518777049156222 -3.69327926623292 0 2 0.0518777049156222 1.4723090946103 1
"877" 1 0 0.0191098032759884 -2.0718284115121 0 6 0.0518777049156222 0.042023574628315 0
"878" 0 0 0.0518777049156222 -2.27434721655577 0 5 0.0518777049156222 -0.10681114520131 1
"879" 0 0 0.00600969114994036 -3.53050065627122 0 4 0.0518777049156222 -0.096912964244094 0
"880" 1 1 0.0143224361371776 -2.54398759271897 0 4 0.0518777049156222 1.28250720637493 0
"881" 0 1 0.0518777049156222 -4.07308739242451 0 0 0.0518777049156222 -0.324290821311465 1
"882" 1 0 0.0292863084332572 -4.87679052352129 0 3 0.0518777049156222 2.92265077152972 0
"883" 0 0 0.0316387529397347 -4.77214342120175 0 4 0.0518777049156222 1.41811328899426 0
"884" 1 0 0.0120390099287016 -3.67563262383193 0 4 0.0518777049156222 2.1065372809616 0
"885" 1 1 0.0268604622831663 -2.38049001264742 0 5 0.0518777049156222 2.21976232354259 0
"886" 0 0 0.0239447413048932 -3.11234228835493 1 3 0.0518777049156222 1.04652136333687 0
"887" 0 1 0.0318709830615587 -1.88765430052394 0 4 0.0518777049156222 1.28367042102923 0
"888" 1 1 0.0298175908188439 -3.26110112229976 0 0 0.0518777049156222 0.813838926057502 0
"889" 1 1 0.0286657294418719 -2.87621397651849 0 3 0.0518777049156222 -0.263057669814815 0
"890" 1 0 0.0306689563694612 -4.16153085131234 0 2 0.0518777049156222 0.76504035727792 0
"891" 1 0 0.00463333181502539 -2.09583836972358 0 1 0.0518777049156222 1.53527351075146 0
"892" 1 1 0.0106341804709227 -3.77842249324744 0 3 0.0518777049156222 1.727706317696 0
"893" 0 0 0.0134386514824094 -3.62158312397954 0 4 0.0518777049156222 0.551937576150919 0
"894" 0 0 0.0518777049156222 -3.47845906208516 0 3 0.0518777049156222 1.27491098959684 1
"895" 0 0 0.0453250603283772 -5.07714296301911 0 3 0.0518777049156222 -1.46958992589488 0
"896" 0 1 0.0131791249178136 -2.25086270104338 0 1 0.0518777049156222 1.7594314066494 0
"897" 0 0 0.0518777049156222 -3.16462329843724 0 7 0.0518777049156222 0.278966057054073 1
"898" 0 0 0.0367390905786288 -2.39614376903409 1 2 0.0518777049156222 0.683894593951892 0
"899" 1 1 0.0228660745653857 -2.77584715396075 0 5 0.0518777049156222 2.14232257047029 0
"900" 0 1 0.0518777049156222 -3.93656819045218 0 3 0.0518777049156222 1.50555645993074 1
"901" 0 1 0.0259948820937413 -3.98556563284316 0 1 0.0518777049156222 -0.282635843872822 0
"902" 0 0 0.0518777049156222 -2.13907836824311 0 1 0.0518777049156222 1.56358220659111 1
"903" 0 0 0.0282744277964575 -2.38706083898312 0 3 0.0518777049156222 -0.0296164234916207 0
"904" 1 1 0.0208609521031786 -3.95063212098883 0 1 0.0518777049156222 2.0369454867193 0
"905" 1 0 0.0518777049156222 -2.5958982886459 0 1 0.0518777049156222 0.884038706506252 1
"906" 1 0 0.0363943063423883 -4.10245693445872 0 3 0.0518777049156222 0.175227820464367 0
"907" 0 0 0.0518777049156222 -2.99545523955637 0 2 0.0518777049156222 -0.775926390865827 1
"908" 1 0 0.0471434001110649 -2.94749739655224 0 1 0.0518777049156222 -0.405879911499468 0
"909" 0 1 0.00200681983264583 -3.90256134592715 0 5 0.0518777049156222 2.9419123957191 0
"910" 0 1 0.00410238933831071 -2.03064390008213 0 4 0.0518777049156222 1.30059991544092 0
"911" 1 0 0.0518777049156222 -3.58422298425305 0 1 0.0518777049156222 0.903149821084467 1
"912" 0 0 0.00924744380404452 -3.08118018711666 0 2 0.0518777049156222 2.98683608460214 0
"913" 0 0 0.0133785163033209 -3.7470948057682 0 2 0.0518777049156222 1.45427571281508 0
"914" 0 1 0.0413360872106234 -2.40591012757307 0 6 0.0518777049156222 1.79066004416012 0
"915" 1 0 0.0518777049156222 -1.68681237537375 0 3 0.0518777049156222 1.27433895992421 1
"916" 0 0 0.0518777049156222 -2.3961709585298 0 2 0.0518777049156222 -0.668018374109611 1
"917" 0 0 0.0439517101442422 -4.07963746839992 0 1 0.0518777049156222 0.0807115046434095 0
"918" 0 0 0.0518777049156222 -3.89961752435287 0 2 0.0518777049156222 0.397233540795224 1
"919" 0 1 0.0518777049156222 -2.89066742364309 0 3 0.0518777049156222 -0.328616257393511 1
"920" 0 0 0.0225083819405223 -2.93141553076256 0 0 0.0518777049156222 1.83431354124094 0
"921" 1 0 0.0518777049156222 -1.36648886886153 0 3 0.0518777049156222 1.05595210932022 1
"922" 0 0 0.0292674811663893 -3.72839234698074 0 3 0.0518777049156222 0.963113311758123 0
"923" 0 1 0.021564233131277 -3.59191548490191 0 2 0.0518777049156222 1.50592566256223 0
"924" 1 0 0.0224116184293528 -2.08419963095692 1 3 0.0518777049156222 1.49410187040278 0
"925" 0 1 0.0149853482132764 -1.48497006287339 0 4 0.0518777049156222 -0.236312675272914 0
"926" 0 0 0.0518777049156222 -2.60472822813959 0 3 0.0518777049156222 1.28664448134261 1
"927" 0 0 0.0132038089429354 -4.05464458318 0 6 0.0518777049156222 0.546788178037269 0
"928" 1 1 0.0518777049156222 -3.72034328417252 0 3 0.0518777049156222 1.27054787895809 1
"929" 0 1 0.0518777049156222 -3.72996853789891 0 4 0.0518777049156222 0.807133954973423 1
"930" 1 0 0.0103833447721148 -4.04380035150016 0 4 0.0518777049156222 1.87406582324349 0
"931" 0 1 0.0518777049156222 -2.99332584154083 0 4 0.0518777049156222 2.3387884387227 1
"932" 1 0 0.0272450491718628 -2.6834949405555 0 6 0.0518777049156222 -0.539307780863221 0
"933" 0 1 0.0208561663816238 -2.75035378949993 0 3 0.0518777049156222 -0.492066195541457 0
"934" 1 1 0.0242703720345713 -3.50831924349218 0 2 0.0518777049156222 3.36730871465504 0
"935" 1 0 0.0151598133049926 -2.02971987226293 0 1 0.0518777049156222 1.50504532866172 0
"936" 1 0 0.0454774546541896 -4.56879869936463 0 5 0.0518777049156222 0.063960691367618 0
"937" 0 0 0.0486883063295034 -1.09507617457187 0 2 0.0518777049156222 0.423125860830321 0
"938" 1 1 0.0216886255926344 -2.50734870565543 0 2 0.0518777049156222 1.81857500042581 0
"939" 0 0 0.0123275052715494 -4.25910244542562 0 5 0.0518777049156222 1.41282381612318 0
"940" 1 0 0.0518777049156222 -3.70415668408104 0 1 0.0518777049156222 -0.724680033451785 1
"941" 1 0 0.038076313862653 -3.88054734033945 0 4 0.0518777049156222 -0.55363757729736 0
"942" 1 0 0.022244018072506 -3.44869282257611 0 4 0.0518777049156222 0.226495857248113 0
"943" 0 1 0.0428066566377387 -2.08736607174065 0 3 0.0518777049156222 1.57988859000865 0
"944" 0 0 0.0518777049156222 -3.84199392079563 0 0 0.0518777049156222 3.68565205397068 1
"945" 1 1 0.0453467989275376 -5.09781824102134 0 0 0.0518777049156222 0.808583634189209 0
"946" 1 1 0.0094543754374896 -3.99116604155927 0 4 0.0518777049156222 1.77014754179344 0
"947" 0 0 0.0235771482220844 -2.74545514022437 0 2 0.0518777049156222 1.20107165624176 0
"948" 1 1 0.00761049408929111 -4.42246327571599 0 2 0.0518777049156222 0.42163518310175 0
"949" 0 1 0.030525440269633 -3.57671795785649 0 2 0.0518777049156222 3.03806157012038 0
"950" 0 1 0.00334651072704103 -3.01937009133643 0 8 0.0518777049156222 0.0697425969552559 0
"951" 1 0 0.000401675485363575 -2.4259507264392 0 3 0.0518777049156222 0.46176757738724 0
"952" 1 0 0.00267884872318541 -4.28309810732006 0 3 0.0518777049156222 0.385531271944699 0
"953" 1 1 0.0477703185425386 -2.45072472762647 0 3 0.0518777049156222 0.263654744751083 0
"954" 1 0 0.0293374629784996 -2.02162394775738 0 3 0.0518777049156222 0.0275125820715698 0
"955" 1 0 0.0518777049156222 -2.18157168469101 0 4 0.0518777049156222 -0.743495434093238 1
"956" 1 1 0.0221764899500418 -2.44030267225736 0 3 0.0518777049156222 1.7004565622935 0
"957" 1 1 0.0518777049156222 -2.43218090970098 0 1 0.0518777049156222 1.04645091516261 1
"958" 0 0 0.0502579886428472 -4.52171564519692 0 2 0.0518777049156222 -0.390814451815761 0
"959" 0 1 0.00451330393284532 -3.20127002627282 0 2 0.0518777049156222 2.80229485032546 0
"960" 1 0 0.0518777049156222 -1.87289133898872 0 2 0.0518777049156222 -0.326236619861911 1
"961" 0 0 0.0370331494533932 -3.56324218075833 0 4 0.0518777049156222 -0.728756959780773 0
"962" 0 0 0.00564562569672051 -2.91029981307585 0 1 0.0518777049156222 0.738671473815854 0
"963" 1 1 0.0124506706872779 -3.55849640871277 0 4 0.0518777049156222 0.920220434093508 0
"964" 1 0 0.0331751303090194 -3.30722275793988 0 1 0.0518777049156222 1.12573095429184 0
"965" 0 0 0.00722584812184754 -2.4035358694229 0 3 0.0518777049156222 2.20621068470677 0
"966" 1 1 0.00471635861474983 -3.21657552862795 0 3 0.0518777049156222 1.34080987268801 0
"967" 0 0 0.0518777049156222 -4.9548140232457 0 5 0.0518777049156222 1.48325708242361 1
"968" 1 0 0.032569060267565 -2.76278797286143 0 1 0.0518777049156222 3.551621262047 0
"969" 0 0 0.0518777049156222 -2.77811731645858 0 2 0.0518777049156222 1.72610491036799 1
"970" 1 0 0.0170002263190488 -4.00304993539998 1 3 0.0518777049156222 -0.0248889061405766 0
"971" 1 1 0.0415498920613073 -2.87772361731631 0 3 0.0518777049156222 1.86731461262074 0
"972" 0 1 0.0518777049156222 -2.33663264091192 0 5 0.0518777049156222 0.699567490009525 1
"973" 0 0 0.050520438381362 -4.0433622896081 0 2 0.0518777049156222 1.32994200451537 0
"974" 1 0 0.0516892480033635 -1.63514353631974 0 3 0.0518777049156222 -0.332308201124649 0
"975" 0 0 0.0188891702381708 -3.27319881447383 0 4 0.0518777049156222 -1.52739895708207 0
"976" 1 0 0.0361434691599878 -1.26377574468968 0 1 0.0518777049156222 -0.297983865459239 0
"977" 0 1 0.0418348831071255 -2.52354077407198 0 1 0.0518777049156222 2.29594315546726 0
"978" 1 0 0.0491580012980088 -2.95027146838698 0 7 0.0518777049156222 1.77753958092939 0
"979" 0 1 0.0157628606722453 -4.05815284800804 0 2 0.0518777049156222 2.03402832750589 0
"980" 0 0 0.0518777049156222 -3.03956379519618 0 4 0.0518777049156222 0.278485144565313 1
"981" 1 0 0.0518777049156222 -2.54979101669433 0 0 0.0518777049156222 1.98383759881725 1
"982" 1 1 0.0518777049156222 -4.02075269800335 0 4 0.0518777049156222 1.6232423185401 1
"983" 0 0 0.0207121593930273 -3.28433304933511 0 5 0.0518777049156222 -0.393825844221379 0
"984" 0 0 0.0120457890677399 -1.89187548252651 0 3 0.0518777049156222 1.10591710528526 0
"985" 1 1 0.0206548541546604 -2.83179871195353 0 2 0.0518777049156222 2.41143049949118 0
"986" 1 1 0.00318886901577746 -3.26579394922257 0 3 0.0518777049156222 1.42766687497323 0
"987" 0 0 0.0518777049156222 -2.94034530017124 0 1 0.0518777049156222 0.480952268595847 1
"988" 0 1 0.0223637707749057 -6.02854650366897 0 1 0.0518777049156222 1.5149609269302 0
"989" 0 1 0.0216183598313024 -2.63236427340848 1 2 0.0518777049156222 -0.0160937920448976 0
"990" 1 1 0.0518777049156222 -2.81430817139585 0 5 0.0518777049156222 0.550486592287317 1
"991" 0 0 0.0518777049156222 -4.33068784489532 0 4 0.0518777049156222 1.2424011854127 1
"992" 0 1 0.0518777049156222 -4.21108820851729 0 2 0.0518777049156222 0.568728394332692 1
"993" 0 0 0.0165440692903127 -0.90583760095788 0 0 0.0518777049156222 1.47304383743843 0
"994" 1 0 0.010380916636175 -3.57797923097388 0 3 0.0518777049156222 0.70599919627678 0
"995" 0 0 0.00353668009713875 -1.3468484326807 0 5 0.0518777049156222 1.6477783189342 0
"996" 1 0 0.0253574614106592 -4.33340312294111 0 6 0.0518777049156222 -0.185091561495148 0
"997" 0 0 0.00208040133951548 -3.66757116637333 0 1 0.0518777049156222 2.03872815621255 0
"998" 0 0 0.0365985576187563 -3.17535312552092 0 3 0.0518777049156222 -0.397943604554312 0
"999" 0 0 0.0404723154947645 -3.93038954329039 0 4 0.0518777049156222 1.20085057428185 0
"1000" 1 1 0.023498121459441 -2.22335482374108 0 1 0.0518777049156222 0.398303952294051 0
